,California,Florida,Kansas,Virginia,Texas,North Carolina,New York,Arizona,New Jersey,Michigan,Massachusetts,Georgia,Tennessee,Hawaii,Illinois,Nevada,Montana,Colorado,Missouri,Minnesota,Oregon,Utah,the District of Columbia,Washington,New Hampshire,Pennsylvania,Alabama,Idaho,Wisconsin,Vermont,South Carolina,Rhode Island,Indiana,Nebraska,Alaska,Connecticut,Wyoming,Ohio,West Virginia,Arkansas,Kentucky,Maryland,Delaware,New Mexico,Maine,Oklahoma,Mississippi,Iowa,South Dakota,Louisiana,North Dakota
2000-01-01,202349.0,115924.0,93458.0,134765.0,113853.0,134463.0,148583.0,136047.0,185026.0,122575.0,206462.0,132897.0,113733.0,222686.0,147092.0,163711.0,,186199.0,99994.0,134929.0,160984.0,179617.0,193205.0,175273.0,140557.0,105735.0,100750.0,125502.0,117574.0,126694.0,122638.0,143653.0,103058.0,117083.0,133152.0,173083.0,,109754.0,66852.0,79564.0,91638.0,162930.0,149626.0,,114334.0,78948.0,83916.0,93301.0,115873.0,106378.0,
2000-02-01,203209.0,116267.0,93518.0,135249.0,113977.0,134793.0,149343.0,136376.0,185790.0,122779.0,207444.0,133346.0,113920.0,222566.0,147414.0,163758.0,,187106.0,100195.0,135611.0,161498.0,179765.0,194208.0,175874.0,141252.0,106093.0,101022.0,125455.0,117625.0,127062.0,123044.0,144608.0,102995.0,117392.0,133340.0,174029.0,,109916.0,66908.0,79734.0,91743.0,162955.0,150017.0,,114922.0,79013.0,83929.0,93583.0,115613.0,106726.0,
2000-03-01,204291.0,116629.0,93683.0,135700.0,114016.0,135075.0,149978.0,136764.0,186431.0,123170.0,208469.0,133792.0,114065.0,223061.0,147853.0,164076.0,,187965.0,100442.0,136147.0,161897.0,179973.0,195143.0,176390.0,141978.0,106382.0,101171.0,125567.0,117867.0,127531.0,123315.0,145483.0,102897.0,117624.0,133493.0,174911.0,,110088.0,66978.0,79883.0,91876.0,163158.0,150421.0,,115360.0,79226.0,83974.0,93815.0,115250.0,106933.0,
2000-04-01,206568.0,117331.0,93890.0,136512.0,114222.0,135661.0,151319.0,137519.0,187808.0,123864.0,210402.0,134687.0,114393.0,223751.0,148716.0,164749.0,,189906.0,100964.0,137391.0,162721.0,180460.0,197259.0,177391.0,142960.0,106946.0,101511.0,125739.0,118174.0,128377.0,123942.0,147151.0,102441.0,118007.0,133621.0,176297.0,,110535.0,67102.0,80185.0,92170.0,163576.0,151274.0,,116326.0,79558.0,84131.0,94298.0,114848.0,107398.0,
2000-05-01,209009.0,117999.0,94152.0,137222.0,114272.0,136211.0,152530.0,138306.0,189005.0,124716.0,212284.0,135540.0,114683.0,225107.0,149604.0,165465.0,,191827.0,101538.0,138549.0,163322.0,182327.0,199237.0,178336.0,143984.0,107433.0,101831.0,126150.0,118643.0,129204.0,124416.0,148581.0,102310.0,118130.0,133871.0,177255.0,,111076.0,67225.0,80407.0,92485.0,164296.0,152152.0,,117075.0,79952.0,84548.0,94755.0,114776.0,107785.0,
2000-06-01,211549.0,118664.0,94403.0,137865.0,114343.0,136751.0,153775.0,138920.0,190369.0,125523.0,214238.0,136379.0,114922.0,226446.0,150470.0,166111.0,,193914.0,102105.0,139865.0,163840.0,183930.0,201493.0,179124.0,144985.0,107877.0,102190.0,126549.0,119089.0,129873.0,124931.0,149446.0,102423.0,118187.0,133969.0,178181.0,,111658.0,67398.0,80598.0,92784.0,165033.0,153025.0,,117899.0,80267.0,85022.0,95153.0,114631.0,108170.0,
2000-07-01,214188.0,119318.0,94745.0,138691.0,114347.0,137237.0,154789.0,139574.0,191812.0,126439.0,216562.0,137187.0,115175.0,227714.0,151423.0,166620.0,,195916.0,102702.0,141247.0,164223.0,185461.0,203519.0,179996.0,146458.0,108326.0,102469.0,126894.0,119667.0,130511.0,125387.0,150257.0,103021.0,118217.0,134364.0,179199.0,,112149.0,67609.0,80771.0,93117.0,165851.0,153857.0,,118723.0,80603.0,85402.0,95532.0,114505.0,108508.0,
2000-08-01,216985.0,119991.0,95105.0,139633.0,114564.0,137676.0,155630.0,140205.0,193583.0,127284.0,219445.0,138059.0,115424.0,229287.0,152530.0,167280.0,,198162.0,103371.0,143348.0,164695.0,185655.0,205194.0,180727.0,148090.0,108717.0,102711.0,127243.0,120255.0,131163.0,125916.0,151096.0,103445.0,118439.0,134359.0,180457.0,,112607.0,67910.0,81008.0,93500.0,166524.0,154559.0,,119546.0,80904.0,85729.0,95813.0,114247.0,108720.0,
2000-09-01,219797.0,120677.0,95432.0,140648.0,114814.0,138106.0,156365.0,140957.0,195484.0,128059.0,222600.0,138944.0,115752.0,230777.0,153673.0,167992.0,,200429.0,104034.0,145279.0,165055.0,186146.0,206403.0,181389.0,149796.0,109131.0,103007.0,127509.0,120818.0,131903.0,126468.0,152251.0,103756.0,118681.0,134549.0,181696.0,,113062.0,68137.0,81292.0,93928.0,167239.0,155196.0,,120407.0,81182.0,86024.0,96144.0,114608.0,109072.0,
2000-10-01,222464.0,121376.0,95801.0,141571.0,115076.0,138585.0,157206.0,141648.0,197351.0,128780.0,225885.0,139887.0,116047.0,232404.0,154805.0,168696.0,,202664.0,104750.0,147266.0,165452.0,186573.0,206353.0,181969.0,151844.0,109525.0,103370.0,127803.0,121377.0,132862.0,127008.0,153330.0,104142.0,118936.0,134453.0,183103.0,,113510.0,68447.0,81583.0,94305.0,168028.0,155767.0,,121194.0,81442.0,86438.0,96581.0,114851.0,109512.0,
2000-11-01,225134.0,122114.0,96229.0,142547.0,115407.0,139160.0,158326.0,142296.0,198920.0,129586.0,228965.0,140815.0,116404.0,233230.0,155834.0,169408.0,,204801.0,105528.0,148717.0,165878.0,187204.0,206760.0,182632.0,153687.0,110008.0,103793.0,128023.0,121894.0,133800.0,127560.0,154363.0,104709.0,119262.0,134760.0,184502.0,,113963.0,68902.0,82033.0,94743.0,168865.0,156620.0,,122274.0,81790.0,86878.0,96995.0,114778.0,110133.0,
2000-12-01,227756.0,122884.0,96740.0,143566.0,115786.0,139771.0,159527.0,142931.0,200317.0,130451.0,232073.0,141841.0,116827.0,234118.0,156810.0,170084.0,,206852.0,106228.0,150457.0,166408.0,187775.0,207291.0,183506.0,155621.0,110512.0,104265.0,128277.0,122435.0,134749.0,127988.0,155552.0,105390.0,119601.0,135166.0,185715.0,,114411.0,69506.0,82535.0,95212.0,169817.0,157352.0,,123441.0,82223.0,87507.0,97499.0,114599.0,110743.0,
2001-01-01,229860.0,123652.0,97401.0,144603.0,116021.0,140420.0,160676.0,143554.0,201670.0,131252.0,234796.0,142852.0,117334.0,234878.0,157721.0,170777.0,,208975.0,106711.0,151946.0,167026.0,188344.0,208549.0,184416.0,157314.0,111014.0,104805.0,128770.0,122934.0,135560.0,128578.0,156690.0,105874.0,120191.0,138585.0,186861.0,,114843.0,70207.0,83151.0,95800.0,170547.0,158252.0,,124930.0,82710.0,88089.0,97786.0,114740.0,111444.0,
2001-02-01,232039.0,124462.0,98151.0,145490.0,115978.0,140867.0,161632.0,144185.0,203381.0,131883.0,237353.0,143718.0,117712.0,235677.0,158539.0,171577.0,,210943.0,107056.0,153336.0,167514.0,188625.0,209694.0,185343.0,159309.0,111499.0,105238.0,129232.0,123503.0,136623.0,129085.0,157913.0,106015.0,120497.0,143164.0,187865.0,,115211.0,70527.0,83450.0,96311.0,171280.0,158944.0,,126218.0,83163.0,88403.0,98125.0,115085.0,112046.0,
2001-03-01,234529.0,125319.0,98901.0,146459.0,115772.0,141264.0,162578.0,144821.0,205081.0,132452.0,239961.0,144477.0,118058.0,236346.0,159495.0,172423.0,,212965.0,107538.0,154798.0,168063.0,188811.0,211153.0,186204.0,161106.0,112028.0,105601.0,129912.0,124095.0,137734.0,129651.0,159283.0,106070.0,116811.0,148641.0,189166.0,,115595.0,70819.0,83692.0,96812.0,171912.0,159817.0,,127450.0,83532.0,88621.0,98329.0,115736.0,112664.0,
2001-04-01,237667.0,126251.0,99478.0,147454.0,115692.0,141547.0,163587.0,145465.0,206945.0,132985.0,242695.0,145158.0,118326.0,237176.0,160419.0,173282.0,,214896.0,108164.0,156410.0,168500.0,189002.0,213402.0,187024.0,163023.0,112603.0,105848.0,130477.0,124762.0,138832.0,129968.0,160929.0,106107.0,112894.0,151785.0,190589.0,,115981.0,70933.0,83804.0,97236.0,172867.0,160590.0,,128387.0,83862.0,88829.0,98685.0,116212.0,113174.0,
2001-05-01,240568.0,127220.0,100000.0,148570.0,115786.0,141895.0,164667.0,146110.0,208663.0,133611.0,245458.0,145914.0,118632.0,238440.0,161538.0,174173.0,,216791.0,108840.0,157940.0,168996.0,189096.0,215632.0,187636.0,165158.0,113088.0,106099.0,130995.0,125367.0,139750.0,130379.0,162531.0,106418.0,109206.0,154423.0,192096.0,,116356.0,71260.0,84117.0,97673.0,173877.0,161414.0,,129637.0,84118.0,89220.0,99031.0,116954.0,113593.0,
2001-06-01,243087.0,128222.0,100493.0,149621.0,115922.0,142207.0,165811.0,146745.0,210578.0,134167.0,248333.0,146607.0,118889.0,239765.0,162576.0,175083.0,,218473.0,109531.0,159441.0,169473.0,189307.0,217785.0,188274.0,167370.0,113557.0,106341.0,131302.0,125970.0,140590.0,130786.0,164095.0,106776.0,109501.0,156572.0,193487.0,,116671.0,71509.0,84420.0,98123.0,175061.0,162149.0,,130937.0,84377.0,89556.0,99451.0,117120.0,113952.0,
2001-07-01,245474.0,129311.0,100971.0,150770.0,116045.0,142481.0,166982.0,147331.0,212554.0,134711.0,251351.0,147284.0,119118.0,241207.0,163667.0,176133.0,,220162.0,110206.0,161017.0,170051.0,189439.0,220010.0,188827.0,169487.0,114052.0,106617.0,131668.0,126583.0,141451.0,131306.0,165753.0,107179.0,109842.0,158667.0,194761.0,,117018.0,71747.0,84771.0,98550.0,176243.0,162817.0,,132374.0,84612.0,89810.0,99819.0,117380.0,114289.0,
2001-08-01,247858.0,130465.0,101416.0,151875.0,116135.0,142816.0,168188.0,147939.0,214728.0,135275.0,254656.0,147977.0,119416.0,242554.0,164774.0,177286.0,,221842.0,110812.0,162821.0,170712.0,189749.0,222606.0,189603.0,171322.0,114596.0,106829.0,132150.0,127213.0,142178.0,131646.0,167830.0,107466.0,110101.0,159905.0,196611.0,,117397.0,71966.0,85022.0,98896.0,177565.0,163485.0,,133435.0,84906.0,90106.0,100232.0,117301.0,114698.0,
2001-09-01,250232.0,131635.0,101818.0,153038.0,116242.0,143140.0,169322.0,148568.0,217040.0,135897.0,257722.0,148667.0,119722.0,244154.0,165947.0,178388.0,,223330.0,111416.0,164706.0,171293.0,189988.0,225394.0,190221.0,173256.0,115129.0,107110.0,132659.0,127836.0,142940.0,131955.0,170061.0,107560.0,110373.0,160825.0,198542.0,,117774.0,72139.0,85246.0,99188.0,178887.0,164216.0,,134496.0,85219.0,90368.0,100631.0,117362.0,115129.0,
2001-10-01,252473.0,132795.0,102248.0,154135.0,116365.0,143517.0,170534.0,149270.0,219445.0,136518.0,261154.0,149359.0,120073.0,245767.0,167141.0,179437.0,,224608.0,112066.0,166656.0,171862.0,190278.0,228161.0,191015.0,175092.0,115601.0,107449.0,133123.0,128442.0,143808.0,132266.0,172598.0,107806.0,110613.0,161433.0,200767.0,,118134.0,72363.0,85367.0,99453.0,180121.0,165026.0,,135430.0,85509.0,90794.0,101032.0,117610.0,115555.0,
2001-11-01,254586.0,133887.0,102676.0,155324.0,116437.0,143764.0,171813.0,149969.0,221519.0,137058.0,264439.0,149966.0,120322.0,247128.0,168175.0,180284.0,,225623.0,112760.0,168409.0,172367.0,190454.0,230760.0,191660.0,176886.0,116118.0,107769.0,133353.0,129024.0,144919.0,132618.0,174666.0,107972.0,110861.0,162409.0,202504.0,,118456.0,72465.0,85476.0,99728.0,181365.0,165883.0,,136711.0,85744.0,91029.0,101418.0,117878.0,115969.0,
2001-12-01,256578.0,134978.0,103141.0,156425.0,116506.0,144005.0,173196.0,150598.0,223378.0,137578.0,267497.0,150551.0,120504.0,248353.0,169041.0,181249.0,,226415.0,113463.0,169846.0,172968.0,190520.0,233477.0,192599.0,178704.0,116604.0,107973.0,133622.0,129602.0,146040.0,132958.0,176789.0,108305.0,111153.0,163407.0,203910.0,,118763.0,72555.0,85552.0,99981.0,182666.0,166775.0,,137875.0,85976.0,91218.0,101843.0,118012.0,116299.0,
2002-01-01,258110.0,136019.0,103581.0,157469.0,116573.0,144219.0,174580.0,151097.0,225162.0,138165.0,269825.0,151069.0,120637.0,249151.0,169837.0,182041.0,,226782.0,114100.0,171039.0,173542.0,190569.0,236028.0,193311.0,180543.0,117112.0,108078.0,133775.0,130163.0,147229.0,133186.0,178373.0,108283.0,111515.0,164166.0,205071.0,,119030.0,72625.0,85682.0,100197.0,184010.0,167705.0,,139284.0,86221.0,91327.0,102079.0,118134.0,116532.0,
2002-02-01,259799.0,137014.0,103943.0,158543.0,116771.0,144434.0,175849.0,151572.0,227175.0,138696.0,271934.0,151633.0,120856.0,250472.0,170724.0,182762.0,,227259.0,114741.0,172096.0,174120.0,190503.0,238716.0,194095.0,182327.0,117652.0,108267.0,134115.0,130735.0,148432.0,133328.0,180285.0,108333.0,111861.0,164911.0,206289.0,,119290.0,72868.0,85867.0,100451.0,185316.0,168686.0,,140699.0,86543.0,91395.0,102265.0,118821.0,116905.0,
2002-03-01,261791.0,138010.0,104274.0,159689.0,117131.0,144660.0,176936.0,152128.0,229291.0,139200.0,274262.0,152150.0,121090.0,251898.0,171846.0,183610.0,,228003.0,115278.0,173139.0,174674.0,190667.0,240901.0,194762.0,183872.0,118244.0,108422.0,134330.0,131274.0,149718.0,133493.0,182150.0,108194.0,112193.0,165621.0,207861.0,,119571.0,73188.0,86065.0,100690.0,186666.0,169773.0,,142239.0,86814.0,91488.0,102368.0,119230.0,117347.0,
2002-04-01,264538.0,139083.0,104570.0,160996.0,117596.0,144791.0,178053.0,152745.0,231438.0,139560.0,276769.0,152688.0,121287.0,253734.0,172785.0,184640.0,,228936.0,115806.0,174131.0,175248.0,190838.0,243637.0,195359.0,185633.0,118902.0,108606.0,134582.0,131802.0,150923.0,133646.0,184431.0,108139.0,112430.0,166640.0,209635.0,146356.0,119856.0,73435.0,86262.0,100926.0,188221.0,170881.0,137016.0,143843.0,87085.0,91458.0,102742.0,119504.0,117856.0,
2002-05-01,267611.0,140226.0,104416.0,162287.0,118052.0,145008.0,179229.0,153343.0,233615.0,139913.0,279426.0,153183.0,121480.0,255116.0,173810.0,185756.0,,229895.0,116340.0,175474.0,175980.0,190969.0,246566.0,195819.0,187200.0,119573.0,108812.0,134827.0,132317.0,151981.0,133913.0,186991.0,108248.0,112808.0,167299.0,211651.0,144316.0,120154.0,73601.0,86503.0,101109.0,190150.0,171951.0,137275.0,145265.0,87283.0,91638.0,103205.0,119558.0,118857.0,
2002-06-01,270971.0,141409.0,104245.0,163730.0,118549.0,145192.0,180594.0,154032.0,236035.0,140277.0,282108.0,153663.0,121683.0,256792.0,174711.0,186640.0,,230672.0,116954.0,176726.0,176817.0,191070.0,249996.0,196198.0,189029.0,120279.0,109049.0,135205.0,132847.0,153003.0,134142.0,189709.0,108550.0,113113.0,167725.0,213858.0,143666.0,120446.0,73749.0,86779.0,101312.0,192235.0,173067.0,137336.0,146763.0,87491.0,91840.0,103753.0,120024.0,119607.0,
2002-07-01,274919.0,142597.0,104068.0,165224.0,119027.0,145462.0,182012.0,154765.0,238698.0,140576.0,285200.0,154084.0,121917.0,258924.0,175905.0,187520.0,,231435.0,117596.0,178097.0,177695.0,191169.0,253193.0,196749.0,190764.0,121056.0,109310.0,135529.0,133366.0,153853.0,134506.0,192721.0,108892.0,113456.0,168092.0,216102.0,142560.0,120773.0,73953.0,87096.0,101574.0,194473.0,174176.0,137692.0,148209.0,87719.0,92202.0,104155.0,120467.0,120414.0,
2002-08-01,279117.0,143899.0,104049.0,166802.0,119543.0,145692.0,183601.0,155635.0,242035.0,140927.0,288384.0,154490.0,122098.0,261749.0,177166.0,188440.0,,231897.0,118162.0,179283.0,178332.0,191132.0,256201.0,197406.0,192878.0,121932.0,109513.0,135811.0,133958.0,154628.0,134802.0,196383.0,108935.0,113724.0,168518.0,218185.0,142953.0,121089.0,74201.0,87343.0,101848.0,196727.0,175334.0,138044.0,149513.0,87968.0,92436.0,104494.0,120825.0,120173.0,
2002-09-01,283307.0,145130.0,104081.0,168349.0,119955.0,145922.0,185179.0,156311.0,245642.0,141225.0,291965.0,154925.0,122304.0,265120.0,178416.0,189221.0,,232436.0,118774.0,180567.0,178907.0,190912.0,259531.0,198017.0,195065.0,122814.0,109757.0,136095.0,134551.0,155261.0,135119.0,200781.0,108868.0,114056.0,169122.0,219938.0,143778.0,121407.0,74435.0,87628.0,102141.0,198926.0,176362.0,138471.0,150770.0,88251.0,92763.0,104731.0,121365.0,120200.0,
2002-10-01,287239.0,146368.0,104115.0,169848.0,120306.0,146151.0,186708.0,157044.0,249376.0,141638.0,296204.0,155401.0,122563.0,268209.0,179578.0,190245.0,,232992.0,119445.0,181801.0,179465.0,190429.0,263178.0,198631.0,197527.0,123666.0,110002.0,136409.0,135256.0,156015.0,135416.0,204774.0,108959.0,114435.0,169558.0,222316.0,144354.0,121735.0,74788.0,87975.0,102413.0,201042.0,177483.0,138810.0,151897.0,88520.0,93099.0,105053.0,121626.0,120241.0,
2002-11-01,291149.0,147520.0,104935.0,171254.0,120609.0,146360.0,188181.0,157662.0,252632.0,142008.0,300536.0,155812.0,122808.0,270933.0,180430.0,191392.0,,233515.0,120124.0,183064.0,180211.0,190220.0,267751.0,199218.0,199772.0,124356.0,110278.0,136659.0,135867.0,156847.0,135761.0,207972.0,109173.0,114789.0,170176.0,224995.0,144873.0,122094.0,74968.0,88346.0,102693.0,202962.0,178594.0,139148.0,153170.0,88795.0,93395.0,105429.0,121791.0,120764.0,
2002-12-01,295029.0,148852.0,105617.0,172562.0,120874.0,146598.0,189766.0,158411.0,255699.0,142412.0,304529.0,156150.0,123055.0,272960.0,181405.0,192699.0,,233714.0,120715.0,184500.0,180933.0,189991.0,272293.0,199626.0,202065.0,125059.0,110558.0,136787.0,136488.0,157782.0,136107.0,210495.0,109439.0,115205.0,170726.0,227491.0,145114.0,122461.0,75121.0,88697.0,102936.0,205001.0,179883.0,139460.0,154478.0,89060.0,93617.0,105867.0,121868.0,121269.0,
2003-01-01,298315.0,150206.0,106327.0,173696.0,121128.0,146840.0,191329.0,159066.0,258681.0,142790.0,307510.0,156476.0,123217.0,275420.0,182341.0,193902.0,,233752.0,121236.0,185926.0,181631.0,189891.0,276157.0,200216.0,204231.0,125747.0,110791.0,136913.0,136971.0,158705.0,136447.0,213015.0,109496.0,115652.0,171152.0,229497.0,145638.0,122799.0,75177.0,88922.0,103169.0,206886.0,181233.0,139822.0,155918.0,89309.0,93736.0,106229.0,122518.0,121753.0,
2003-02-01,301409.0,151636.0,106557.0,174928.0,121323.0,147085.0,192908.0,159804.0,261679.0,143171.0,310497.0,156819.0,123483.0,278508.0,183469.0,195131.0,,233832.0,121805.0,187230.0,182261.0,189957.0,279494.0,200811.0,206511.0,126490.0,111107.0,137175.0,137511.0,159754.0,136863.0,215930.0,109552.0,116120.0,171537.0,231010.0,146198.0,123149.0,75512.0,89201.0,103452.0,208898.0,182755.0,140090.0,157268.0,89574.0,93909.0,106554.0,123617.0,122191.0,
2003-03-01,304788.0,153095.0,106421.0,176256.0,121578.0,147325.0,194692.0,160441.0,264667.0,143392.0,313580.0,157223.0,123729.0,282228.0,184492.0,196506.0,,234252.0,122362.0,188430.0,182969.0,189936.0,282433.0,201822.0,208869.0,127203.0,111424.0,137259.0,138161.0,160812.0,137255.0,219131.0,109582.0,116560.0,171887.0,232977.0,146616.0,123478.0,75892.0,89458.0,103751.0,210914.0,184357.0,140318.0,158477.0,89858.0,94168.0,106801.0,124147.0,122509.0,
2003-04-01,308790.0,154670.0,105896.0,177831.0,121799.0,147517.0,196367.0,161203.0,267680.0,143656.0,317023.0,157578.0,124035.0,285752.0,185656.0,197943.0,,234660.0,122925.0,189574.0,183751.0,190158.0,285986.0,202809.0,210958.0,127983.0,111829.0,137763.0,138848.0,161790.0,137539.0,222471.0,109734.0,116923.0,172432.0,235164.0,147155.0,123832.0,76301.0,89776.0,104052.0,213163.0,186013.0,140485.0,159468.0,90173.0,94502.0,107082.0,124337.0,122566.0,
2003-05-01,313170.0,156276.0,105647.0,179523.0,122014.0,147733.0,198061.0,161962.0,270808.0,144083.0,320310.0,157890.0,124318.0,289550.0,186667.0,199650.0,,234873.0,123535.0,190885.0,184631.0,190360.0,289584.0,204033.0,213270.0,128937.0,112122.0,138247.0,139681.0,162800.0,137828.0,226020.0,109948.0,117417.0,173334.0,237810.0,147941.0,124171.0,76640.0,90136.0,104332.0,215579.0,187729.0,140726.0,160958.0,90420.0,94786.0,107361.0,123955.0,122570.0,
2003-06-01,316924.0,157837.0,105768.0,181272.0,122213.0,147921.0,199675.0,162812.0,274125.0,144621.0,323130.0,158154.0,124628.0,293501.0,187604.0,201344.0,,234988.0,124209.0,192084.0,185592.0,190774.0,293451.0,205130.0,215358.0,130051.0,112373.0,138857.0,140543.0,163851.0,138168.0,229816.0,110245.0,117835.0,174499.0,240339.0,148945.0,124560.0,76973.0,90499.0,104596.0,218267.0,189275.0,141170.0,162512.0,90626.0,94995.0,107681.0,124140.0,122688.0,
2003-07-01,321121.0,159377.0,106478.0,183193.0,122401.0,148164.0,201403.0,163671.0,277568.0,145110.0,325295.0,158414.0,124917.0,297411.0,188504.0,203420.0,,235143.0,124872.0,193403.0,186682.0,190993.0,297203.0,206277.0,217452.0,131215.0,112606.0,139173.0,141509.0,164972.0,138692.0,233949.0,110558.0,118394.0,176426.0,242745.0,149710.0,124983.0,77317.0,90904.0,104868.0,221037.0,190825.0,141715.0,164361.0,90812.0,95044.0,108070.0,124493.0,123003.0,
2003-08-01,325600.0,160979.0,107046.0,185118.0,122642.0,148467.0,203410.0,164626.0,281107.0,145569.0,327497.0,158775.0,125219.0,301415.0,189701.0,205605.0,,235384.0,125537.0,194658.0,187895.0,191082.0,300758.0,207633.0,219357.0,132267.0,112874.0,139484.0,142624.0,166754.0,139172.0,237491.0,110784.0,118835.0,177787.0,244867.0,150420.0,125480.0,77522.0,91244.0,105145.0,223888.0,192376.0,142293.0,166241.0,91057.0,95273.0,108548.0,125247.0,123502.0,
2003-09-01,330734.0,162638.0,107718.0,187119.0,122833.0,148775.0,205541.0,165716.0,284315.0,146078.0,330071.0,159153.0,125528.0,305282.0,191064.0,208187.0,,235644.0,126201.0,196045.0,189061.0,191145.0,304319.0,208986.0,221611.0,133309.0,113175.0,139888.0,143777.0,168808.0,139658.0,240677.0,110931.0,119402.0,179512.0,247295.0,151024.0,125965.0,77712.0,91645.0,105480.0,226801.0,194190.0,142715.0,168336.0,91344.0,95496.0,109037.0,126231.0,123976.0,
2003-10-01,335542.0,164307.0,108218.0,189167.0,123048.0,149078.0,207670.0,166755.0,287182.0,146697.0,332890.0,159532.0,125873.0,310682.0,192364.0,210825.0,,235873.0,126919.0,197283.0,190291.0,191269.0,308549.0,210321.0,224004.0,134283.0,113421.0,140194.0,145009.0,171107.0,140120.0,243829.0,111156.0,119878.0,180978.0,249324.0,151764.0,126436.0,77836.0,92016.0,105818.0,229781.0,195898.0,143210.0,170504.0,91599.0,95875.0,109517.0,127340.0,124580.0,
2003-11-01,340155.0,165923.0,108501.0,191127.0,123174.0,149338.0,209384.0,167590.0,289597.0,147202.0,335656.0,159852.0,126175.0,316188.0,193432.0,213975.0,,236307.0,127564.0,198532.0,191349.0,191496.0,311952.0,211354.0,225970.0,135154.0,113695.0,140369.0,145799.0,172212.0,140578.0,247103.0,111364.0,120389.0,182378.0,251795.0,152461.0,126801.0,78113.0,92389.0,106123.0,232504.0,197391.0,143805.0,172072.0,91822.0,96058.0,109948.0,127990.0,125015.0,
2003-12-01,344640.0,167460.0,108815.0,193018.0,123299.0,149664.0,210946.0,168311.0,291953.0,147701.0,338183.0,160221.0,126462.0,320737.0,194375.0,217116.0,,236747.0,128249.0,199729.0,192411.0,191735.0,315068.0,212537.0,227558.0,135931.0,113942.0,140668.0,146473.0,173195.0,141042.0,250543.0,111602.0,120889.0,183485.0,254022.0,153028.0,127149.0,78448.0,92729.0,106394.0,235051.0,198674.0,144664.0,173651.0,92055.0,96199.0,110360.0,128237.0,125467.0,
2004-01-01,349422.0,169023.0,109014.0,194717.0,123839.0,150003.0,212582.0,168972.0,294379.0,148182.0,340569.0,160547.0,126747.0,324972.0,195488.0,220737.0,,237122.0,128848.0,200881.0,193197.0,191976.0,318398.0,213839.0,229197.0,136629.0,114219.0,141026.0,147041.0,174083.0,141472.0,253385.0,111761.0,121414.0,183467.0,256236.0,153542.0,127447.0,78900.0,93106.0,106643.0,237395.0,200079.0,145354.0,175248.0,92361.0,96375.0,110680.0,128323.0,125912.0,
2004-02-01,354900.0,170610.0,109314.0,196738.0,124994.0,150367.0,214173.0,169931.0,297008.0,148582.0,343082.0,160924.0,127113.0,330066.0,196599.0,224374.0,,237443.0,129333.0,202128.0,194144.0,192382.0,322100.0,215187.0,231046.0,137565.0,114492.0,141601.0,147878.0,175794.0,141971.0,256779.0,111931.0,121982.0,184364.0,257987.0,154138.0,127816.0,79405.0,93578.0,106932.0,240037.0,201571.0,146165.0,177339.0,92704.0,96637.0,110909.0,128944.0,126469.0,
2004-03-01,361086.0,172405.0,109749.0,199130.0,126657.0,150686.0,215469.0,171081.0,300053.0,149028.0,345734.0,161295.0,127525.0,335689.0,197762.0,230092.0,,237839.0,129699.0,203349.0,195275.0,192793.0,326416.0,216614.0,233008.0,138474.0,114821.0,142218.0,148713.0,177476.0,142503.0,259894.0,112183.0,122515.0,184921.0,259842.0,154954.0,128200.0,80017.0,94095.0,107179.0,242668.0,203139.0,146707.0,179452.0,93003.0,96982.0,111162.0,129671.0,127103.0,
2004-04-01,368138.0,174379.0,110449.0,201993.0,127998.0,151029.0,216835.0,172473.0,303344.0,149322.0,348732.0,161794.0,127981.0,342051.0,199056.0,235783.0,,238456.0,130014.0,204808.0,196712.0,193245.0,330324.0,218289.0,235165.0,139517.0,115139.0,142926.0,149743.0,179304.0,143002.0,263334.0,112391.0,123010.0,186334.0,262205.0,156011.0,128570.0,80513.0,94636.0,107372.0,245885.0,205138.0,147303.0,181405.0,93264.0,97273.0,111503.0,130202.0,127693.0,
2004-05-01,376282.0,176689.0,111017.0,205373.0,128950.0,151337.0,218494.0,174166.0,307211.0,149728.0,351645.0,162277.0,128389.0,348119.0,200487.0,243286.0,,239191.0,130483.0,206235.0,198467.0,193408.0,335226.0,220459.0,237584.0,140729.0,115529.0,143669.0,151022.0,181673.0,143656.0,266948.0,112787.0,123580.0,187505.0,265075.0,157185.0,128928.0,80943.0,95086.0,107580.0,249418.0,207519.0,147998.0,183934.0,93499.0,97557.0,111881.0,130872.0,128179.0,
2004-06-01,385281.0,179294.0,111426.0,209132.0,129413.0,151729.0,220531.0,175999.0,311220.0,150099.0,354278.0,162722.0,128811.0,356354.0,202071.0,251028.0,,239967.0,131025.0,207835.0,200331.0,193650.0,340564.0,222869.0,240069.0,142126.0,116005.0,144532.0,152446.0,184090.0,144356.0,271256.0,113168.0,124128.0,188906.0,268222.0,158543.0,129271.0,81340.0,95541.0,107830.0,253666.0,210378.0,149008.0,186673.0,93727.0,97791.0,112278.0,131759.0,128751.0,
2004-07-01,394163.0,182165.0,111610.0,213372.0,129974.0,152112.0,222745.0,178444.0,315430.0,150534.0,356973.0,163130.0,129267.0,365011.0,203518.0,262098.0,,240609.0,131696.0,209241.0,202442.0,193864.0,347061.0,225158.0,242050.0,143745.0,116559.0,145446.0,154003.0,186197.0,145205.0,275598.0,113598.0,124763.0,190291.0,271277.0,159824.0,129652.0,81916.0,95969.0,108164.0,258167.0,213165.0,150125.0,189630.0,93961.0,98103.0,112637.0,132968.0,129298.0,
2004-08-01,402454.0,185325.0,111958.0,217742.0,130472.0,152533.0,224923.0,181159.0,319706.0,150946.0,359714.0,163642.0,129754.0,373488.0,204954.0,271417.0,,241199.0,132248.0,210508.0,204416.0,194090.0,352753.0,227294.0,244001.0,145198.0,117035.0,146265.0,155148.0,187356.0,145902.0,279428.0,113948.0,125238.0,191475.0,274086.0,161333.0,129969.0,82508.0,96448.0,108454.0,263186.0,215804.0,150998.0,191157.0,94273.0,98491.0,113037.0,133871.0,130055.0,
2004-09-01,410351.0,188416.0,113227.0,222068.0,131107.0,152982.0,227235.0,183730.0,323849.0,151334.0,363154.0,164200.0,130262.0,380050.0,206176.0,282491.0,,241429.0,132715.0,211695.0,206304.0,194237.0,359861.0,229260.0,245803.0,146665.0,117468.0,146953.0,156231.0,188542.0,146692.0,282508.0,114177.0,125544.0,193219.0,276805.0,162717.0,130281.0,83079.0,96941.0,108744.0,268128.0,218227.0,151583.0,192435.0,94669.0,99033.0,113388.0,134673.0,130670.0,
2004-10-01,418059.0,191316.0,114568.0,225743.0,131651.0,153478.0,229419.0,186434.0,327934.0,151783.0,366392.0,164805.0,130799.0,386454.0,207435.0,289711.0,,241811.0,133149.0,212782.0,208042.0,194332.0,368479.0,231236.0,247707.0,147863.0,117947.0,147549.0,157176.0,190161.0,147502.0,285921.0,114508.0,125762.0,194920.0,279932.0,163958.0,130578.0,83603.0,97436.0,109089.0,272605.0,221039.0,152161.0,193471.0,95094.0,99598.0,113763.0,135337.0,131315.0,
2004-11-01,424567.0,194008.0,115863.0,228925.0,132133.0,153986.0,231671.0,189105.0,331632.0,152167.0,369380.0,165291.0,131301.0,392537.0,208706.0,296777.0,,242124.0,133661.0,213768.0,209845.0,194361.0,376832.0,233334.0,249708.0,149179.0,118561.0,148240.0,158214.0,191993.0,148388.0,288984.0,114789.0,126009.0,196705.0,283308.0,165045.0,130901.0,84146.0,97926.0,109413.0,276739.0,224634.0,152719.0,195540.0,95406.0,100011.0,114029.0,136013.0,131951.0,
2004-12-01,431161.0,196867.0,116297.0,232150.0,132552.0,154489.0,233774.0,192511.0,335111.0,152560.0,371752.0,165723.0,131813.0,399890.0,210146.0,300732.0,,242776.0,134237.0,214793.0,211600.0,194317.0,382188.0,235779.0,251798.0,150457.0,119205.0,148960.0,159203.0,193965.0,149219.0,292327.0,115141.0,126473.0,198229.0,286268.0,166365.0,131207.0,84677.0,98402.0,109743.0,280790.0,229184.0,153377.0,197568.0,95724.0,100271.0,114410.0,136515.0,132557.0,
2005-01-01,436837.0,199908.0,116866.0,235513.0,133131.0,154840.0,235827.0,196076.0,338449.0,152981.0,374029.0,166058.0,132283.0,405265.0,211447.0,304276.0,,243438.0,134785.0,216140.0,213164.0,194301.0,383837.0,238247.0,253888.0,151817.0,119709.0,149870.0,159666.0,195762.0,150041.0,295451.0,115996.0,126959.0,199668.0,288463.0,167684.0,131566.0,85276.0,99035.0,110087.0,284998.0,232346.0,154012.0,200546.0,96109.0,100441.0,114713.0,137236.0,132856.0,
2005-02-01,443513.0,203214.0,117368.0,238758.0,133633.0,155291.0,237863.0,200597.0,341636.0,153294.0,377007.0,166414.0,132900.0,412246.0,212787.0,310354.0,184978.0,243902.0,135280.0,217595.0,214972.0,194688.0,388537.0,240357.0,255798.0,152803.0,120091.0,150949.0,160031.0,197638.0,150869.0,298566.0,117018.0,127413.0,200942.0,290275.0,168669.0,131958.0,85923.0,99746.0,110491.0,288983.0,234386.0,154660.0,203126.0,96500.0,100821.0,115106.0,138126.0,133070.0,
2005-03-01,450413.0,206972.0,117811.0,242313.0,134133.0,155694.0,239696.0,205164.0,345044.0,153618.0,380085.0,166800.0,133594.0,419342.0,214105.0,316525.0,184960.0,244431.0,135760.0,218741.0,217269.0,195237.0,394971.0,242945.0,257845.0,153837.0,120374.0,152322.0,160450.0,199505.0,151852.0,301242.0,118053.0,127888.0,201975.0,292781.0,169423.0,132358.0,86417.0,100507.0,110991.0,292982.0,236012.0,155560.0,205531.0,96865.0,101311.0,115424.0,138984.0,133220.0,
2005-04-01,458365.0,211372.0,118077.0,246445.0,134515.0,156302.0,241713.0,210856.0,349137.0,153870.0,383365.0,167363.0,134383.0,429115.0,215613.0,325255.0,185785.0,245068.0,136266.0,220083.0,220573.0,196059.0,403405.0,246126.0,260303.0,155024.0,120713.0,153628.0,161418.0,201959.0,152802.0,304598.0,118529.0,128325.0,203174.0,295696.0,169950.0,132727.0,86880.0,101206.0,111497.0,297886.0,238386.0,156504.0,206789.0,97180.0,101912.0,115925.0,139756.0,133797.0,
2005-05-01,465652.0,216183.0,118478.0,251405.0,134910.0,156902.0,243861.0,217412.0,353599.0,154236.0,385947.0,168032.0,135164.0,438731.0,217182.0,330146.0,186823.0,245955.0,136896.0,221452.0,224147.0,196723.0,409172.0,249848.0,262471.0,156514.0,121091.0,155226.0,162648.0,204022.0,153767.0,307403.0,119036.0,128853.0,204890.0,298922.0,170914.0,133034.0,87459.0,101865.0,111989.0,303339.0,242039.0,157532.0,208023.0,97526.0,102414.0,116580.0,140433.0,134427.0,
2005-06-01,472231.0,221377.0,118342.0,256106.0,135315.0,157671.0,246057.0,225876.0,358230.0,154478.0,387495.0,168771.0,135995.0,449286.0,218726.0,334284.0,188168.0,246756.0,137535.0,222850.0,228073.0,197526.0,414947.0,254157.0,264220.0,158207.0,121571.0,157281.0,163972.0,205852.0,154780.0,309847.0,119693.0,129250.0,206121.0,301997.0,171895.0,133360.0,88218.0,102530.0,112420.0,309431.0,244505.0,158631.0,209054.0,97821.0,103095.0,117375.0,141284.0,135319.0,
2005-07-01,478611.0,226887.0,118348.0,260604.0,135630.0,158488.0,248408.0,235088.0,362508.0,154639.0,388337.0,169407.0,136922.0,460000.0,220195.0,336542.0,189126.0,247450.0,138174.0,223839.0,232121.0,198452.0,421679.0,258774.0,265553.0,159961.0,122108.0,159754.0,165285.0,207443.0,156029.0,311555.0,120376.0,129713.0,207633.0,304947.0,173255.0,133650.0,89003.0,103224.0,112846.0,315667.0,246757.0,160128.0,210251.0,98124.0,103657.0,118213.0,142028.0,136265.0,
2005-08-01,485241.0,232509.0,118342.0,264560.0,135928.0,159373.0,250856.0,243738.0,366732.0,154851.0,388778.0,170028.0,137844.0,470489.0,221646.0,340388.0,190692.0,248114.0,138802.0,224572.0,236552.0,199537.0,429476.0,263923.0,267021.0,161771.0,122652.0,162818.0,166508.0,209436.0,157289.0,313995.0,120821.0,130043.0,209069.0,308105.0,174340.0,133977.0,89331.0,103829.0,113251.0,321998.0,248733.0,161862.0,211336.0,98432.0,104461.0,118928.0,142934.0,137407.0,
2005-09-01,491879.0,237861.0,118959.0,268662.0,136231.0,160198.0,253427.0,252610.0,370687.0,155114.0,390010.0,170652.0,138734.0,480160.0,223275.0,343232.0,192535.0,248649.0,139439.0,225448.0,241067.0,200719.0,436396.0,268444.0,268571.0,163390.0,123207.0,165793.0,167528.0,211791.0,158490.0,316732.0,121104.0,130433.0,211139.0,311175.0,175566.0,134269.0,89644.0,104475.0,113629.0,327267.0,251663.0,163888.0,212573.0,98791.0,105238.0,119482.0,143946.0,138468.0,
2005-10-01,498341.0,242640.0,119213.0,272176.0,136440.0,161080.0,255983.0,259861.0,374690.0,155384.0,391358.0,171274.0,139531.0,487826.0,224836.0,345110.0,194564.0,249301.0,140106.0,226253.0,245088.0,201943.0,441224.0,272366.0,270069.0,164842.0,123893.0,171780.0,168331.0,214052.0,159599.0,319284.0,121336.0,130754.0,213215.0,314343.0,176889.0,134570.0,89876.0,105116.0,113907.0,332181.0,255008.0,165779.0,213600.0,99089.0,106258.0,119835.0,144873.0,139723.0,
2005-11-01,503102.0,247060.0,119278.0,275466.0,136740.0,161873.0,258162.0,266726.0,378479.0,155569.0,392381.0,171869.0,140275.0,495066.0,226189.0,345958.0,195759.0,249834.0,140693.0,227167.0,248666.0,203385.0,445791.0,275991.0,271383.0,166174.0,124757.0,176905.0,168961.0,215876.0,160664.0,320949.0,121554.0,131117.0,215154.0,317149.0,178163.0,134859.0,90390.0,105887.0,114229.0,335812.0,257420.0,167684.0,214462.0,99434.0,106999.0,120194.0,145382.0,140928.0,
2005-12-01,507522.0,251226.0,119533.0,278035.0,136933.0,162655.0,260434.0,270626.0,381977.0,155760.0,392224.0,172415.0,141010.0,502569.0,227488.0,346244.0,196926.0,250400.0,141249.0,227785.0,252450.0,204858.0,450191.0,279346.0,272625.0,167436.0,125678.0,180919.0,169455.0,217507.0,161774.0,322095.0,121723.0,131372.0,217246.0,319355.0,179436.0,135111.0,90880.0,106562.0,114552.0,340077.0,259526.0,169541.0,215274.0,99765.0,107426.0,120543.0,145643.0,142291.0,
2006-01-01,511096.0,255156.0,119943.0,280382.0,137159.0,163367.0,262336.0,272173.0,384802.0,155960.0,391850.0,172981.0,141602.0,511022.0,228808.0,346775.0,197696.0,250959.0,141682.0,228309.0,255932.0,206181.0,454792.0,282256.0,273641.0,168520.0,126583.0,182185.0,169797.0,218819.0,162771.0,322296.0,121678.0,131705.0,219062.0,320926.0,180608.0,135301.0,91399.0,107131.0,114890.0,343174.0,261535.0,171323.0,216141.0,100131.0,107787.0,120809.0,146093.0,143735.0,
2006-02-01,514407.0,258812.0,120493.0,282776.0,137454.0,164089.0,264120.0,275681.0,387616.0,156130.0,390937.0,173561.0,142299.0,519664.0,230090.0,346838.0,199172.0,251282.0,142073.0,228719.0,259020.0,207685.0,458408.0,285499.0,273585.0,169453.0,127474.0,183666.0,170194.0,220232.0,164090.0,323126.0,121678.0,132050.0,220015.0,321457.0,181946.0,135448.0,91494.0,107657.0,115177.0,346635.0,264000.0,173143.0,216487.0,100579.0,108389.0,121015.0,146671.0,145180.0,
2006-03-01,517669.0,262789.0,120779.0,285219.0,137842.0,164893.0,265513.0,280047.0,390461.0,156174.0,390568.0,174099.0,143006.0,525884.0,231365.0,349213.0,200677.0,251577.0,142406.0,229035.0,262115.0,209387.0,462283.0,288890.0,273402.0,170359.0,128498.0,185682.0,170505.0,221963.0,165215.0,324446.0,121533.0,132456.0,220513.0,323075.0,183250.0,135589.0,91472.0,108193.0,115470.0,350233.0,266541.0,174915.0,216676.0,101101.0,109309.0,121202.0,147123.0,146652.0,
2006-04-01,520522.0,267211.0,121123.0,287342.0,138364.0,165748.0,266709.0,285006.0,393683.0,156063.0,390258.0,174636.0,143858.0,532263.0,232442.0,351999.0,202567.0,251862.0,142759.0,229370.0,265823.0,211607.0,465489.0,293067.0,273740.0,171371.0,129567.0,188667.0,170864.0,223402.0,166473.0,326655.0,121580.0,132831.0,221102.0,324732.0,184738.0,135754.0,91299.0,108751.0,115762.0,354481.0,268871.0,177220.0,216360.0,101588.0,110379.0,121418.0,147290.0,147902.0,
2006-05-01,523489.0,271194.0,121366.0,288651.0,138991.0,166684.0,267883.0,287375.0,396559.0,155842.0,390024.0,175132.0,144659.0,535344.0,233615.0,354858.0,204169.0,252548.0,143096.0,229549.0,270068.0,213932.0,467960.0,297073.0,274379.0,172541.0,130593.0,191565.0,171141.0,224990.0,167637.0,327453.0,121731.0,133202.0,222566.0,326952.0,186507.0,135923.0,91644.0,109267.0,116017.0,358525.0,270940.0,179372.0,216395.0,101984.0,111074.0,121652.0,147676.0,148848.0,
2006-06-01,525182.0,274341.0,121607.0,289487.0,139616.0,167585.0,269148.0,288408.0,398933.0,155544.0,389266.0,175704.0,145493.0,538562.0,234326.0,355633.0,205783.0,253135.0,143452.0,229841.0,274701.0,217055.0,468671.0,300816.0,274740.0,173812.0,131559.0,195380.0,171358.0,226239.0,169001.0,327491.0,122191.0,133496.0,223978.0,327774.0,188344.0,136065.0,92025.0,109768.0,116240.0,361448.0,272493.0,181642.0,216148.0,102352.0,111834.0,121901.0,148197.0,149706.0,
2006-07-01,525456.0,276244.0,121891.0,290296.0,140208.0,168513.0,270304.0,288061.0,400215.0,155237.0,387138.0,176299.0,146327.0,540815.0,234930.0,355756.0,207249.0,253420.0,143816.0,229760.0,278753.0,220895.0,467687.0,304251.0,274221.0,174905.0,132446.0,197573.0,171479.0,227532.0,170372.0,326300.0,122634.0,133731.0,225533.0,328423.0,190205.0,136185.0,92351.0,110235.0,116433.0,363933.0,274034.0,183413.0,215893.0,102732.0,112292.0,122218.0,148881.0,150411.0,
2006-08-01,525191.0,277452.0,122340.0,290760.0,140699.0,169469.0,271313.0,286643.0,400525.0,154873.0,384807.0,176911.0,147183.0,543046.0,235397.0,355235.0,208766.0,253742.0,144140.0,229598.0,282306.0,224962.0,466808.0,307358.0,273926.0,175716.0,133403.0,199713.0,171659.0,228834.0,171543.0,325031.0,123020.0,133770.0,227345.0,328447.0,191539.0,136237.0,92591.0,110669.0,116629.0,365702.0,275353.0,185364.0,215956.0,103099.0,113196.0,122541.0,149180.0,151218.0,
2006-09-01,523599.0,277682.0,122726.0,290612.0,141270.0,170370.0,271826.0,284350.0,400296.0,154480.0,382000.0,177418.0,147934.0,545509.0,235767.0,354301.0,209948.0,253674.0,144494.0,229078.0,284081.0,228759.0,465808.0,309975.0,273395.0,176219.0,134174.0,201499.0,171953.0,229984.0,172513.0,322989.0,123307.0,133909.0,229365.0,328346.0,192836.0,136218.0,92904.0,111102.0,116937.0,366841.0,276453.0,187183.0,216356.0,103401.0,114053.0,122841.0,149548.0,151838.0,
2006-10-01,522235.0,277316.0,123163.0,290131.0,142029.0,171174.0,272208.0,283279.0,399485.0,154029.0,379758.0,177860.0,148645.0,545814.0,235950.0,352544.0,211193.0,253475.0,144880.0,228782.0,285434.0,232009.0,464155.0,312110.0,272441.0,176636.0,134865.0,200647.0,172275.0,231201.0,173300.0,321168.0,123704.0,134089.0,231143.0,327786.0,194306.0,136149.0,93368.0,111383.0,117247.0,366978.0,277724.0,188975.0,217044.0,103726.0,115109.0,123112.0,149620.0,152415.0,
2006-11-01,520817.0,276682.0,123517.0,289737.0,142682.0,171811.0,272355.0,281353.0,398453.0,153511.0,377224.0,178147.0,149196.0,547121.0,236057.0,350251.0,212474.0,252982.0,145248.0,228365.0,286427.0,235034.0,461643.0,313400.0,271394.0,176968.0,135196.0,200995.0,172471.0,232438.0,173860.0,319023.0,123982.0,134385.0,232387.0,327035.0,195956.0,136006.0,93564.0,111642.0,117554.0,366996.0,277917.0,190439.0,217314.0,104046.0,115845.0,123377.0,149994.0,153038.0,
2006-12-01,519702.0,275612.0,123935.0,289562.0,143340.0,172402.0,272618.0,279542.0,396897.0,152874.0,375160.0,178539.0,149679.0,546980.0,236301.0,348922.0,213906.0,252884.0,145509.0,228263.0,287565.0,237665.0,459667.0,314237.0,270180.0,177252.0,135488.0,200916.0,172557.0,233557.0,174324.0,317577.0,124259.0,134566.0,233788.0,326383.0,197370.0,135811.0,93661.0,111842.0,117721.0,366714.0,278084.0,191532.0,217487.0,104363.0,116390.0,123672.0,150451.0,153592.0,
2007-01-01,518829.0,274422.0,124233.0,289285.0,143564.0,173036.0,272805.0,277571.0,395462.0,152151.0,373773.0,178873.0,149971.0,547540.0,236825.0,347280.0,214959.0,252837.0,145679.0,228247.0,288294.0,240413.0,459423.0,314845.0,269234.0,177568.0,135612.0,202835.0,172793.0,234714.0,174742.0,315749.0,124331.0,134712.0,234971.0,326281.0,198439.0,135628.0,93602.0,112047.0,117863.0,366624.0,277119.0,192299.0,217639.0,104616.0,116821.0,123911.0,151297.0,154100.0,
2007-02-01,517649.0,273225.0,124480.0,289263.0,143665.0,173621.0,272956.0,276433.0,394561.0,151460.0,372832.0,179276.0,150344.0,547423.0,237266.0,346418.0,215683.0,252659.0,145817.0,228312.0,289029.0,243064.0,461206.0,315958.0,268089.0,177979.0,136158.0,202704.0,172954.0,235694.0,175154.0,314655.0,124450.0,134790.0,235820.0,326350.0,199282.0,135535.0,93738.0,112233.0,118010.0,366396.0,276912.0,192955.0,217514.0,104788.0,117101.0,124157.0,151750.0,154602.0,
2007-03-01,515863.0,271844.0,124746.0,289231.0,143662.0,174324.0,273237.0,276022.0,394525.0,150722.0,372328.0,179645.0,150820.0,548178.0,237547.0,345061.0,216297.0,252592.0,145944.0,228077.0,290085.0,245819.0,462713.0,317897.0,267673.0,178512.0,136740.0,202489.0,173182.0,236114.0,175535.0,313727.0,124457.0,134871.0,236217.0,326381.0,200334.0,135359.0,93942.0,112357.0,118093.0,366702.0,276842.0,193395.0,217169.0,104932.0,117286.0,124382.0,151928.0,155207.0,
2007-04-01,513626.0,270248.0,125127.0,289531.0,144041.0,175026.0,273249.0,275972.0,394795.0,150019.0,371612.0,180050.0,151398.0,548709.0,237538.0,343115.0,217242.0,252845.0,146008.0,227632.0,291825.0,248312.0,463729.0,320325.0,266953.0,178946.0,137502.0,202765.0,173260.0,236294.0,175747.0,312746.0,124581.0,134920.0,236809.0,326036.0,201574.0,135183.0,94185.0,112528.0,118060.0,367001.0,277565.0,194344.0,216740.0,105109.0,117495.0,124637.0,151936.0,155824.0,
2007-05-01,509903.0,268092.0,125542.0,289114.0,144531.0,175802.0,273486.0,275604.0,394574.0,149132.0,370772.0,180363.0,151935.0,548823.0,237378.0,340718.0,217966.0,253412.0,146022.0,226978.0,293529.0,250877.0,463926.0,322225.0,266543.0,179384.0,137801.0,203442.0,173283.0,236518.0,176001.0,311881.0,124525.0,134908.0,237704.0,325571.0,202860.0,134984.0,94377.0,112569.0,118043.0,367091.0,278404.0,195185.0,216253.0,105361.0,117966.0,124711.0,152092.0,156191.0,
2007-06-01,505971.0,265470.0,125840.0,288194.0,145089.0,176517.0,273409.0,274340.0,393379.0,148377.0,369535.0,180541.0,152393.0,548695.0,237080.0,337507.0,218626.0,253961.0,145983.0,226234.0,294584.0,253944.0,463811.0,323305.0,265664.0,179675.0,138010.0,203862.0,173231.0,236975.0,176134.0,309657.0,124480.0,134530.0,238447.0,324691.0,204251.0,134828.0,94531.0,112639.0,118067.0,366486.0,279447.0,196564.0,215403.0,105688.0,118283.0,124710.0,152586.0,156536.0,
2007-07-01,500752.0,262350.0,126079.0,286625.0,145509.0,177097.0,273472.0,272398.0,391500.0,147387.0,367880.0,180591.0,152751.0,547329.0,236616.0,333846.0,218900.0,254300.0,145932.0,225191.0,295102.0,257008.0,463717.0,323726.0,265030.0,180051.0,138016.0,204245.0,172971.0,237133.0,176299.0,308334.0,124298.0,134423.0,239193.0,323693.0,205054.0,134581.0,94639.0,112677.0,118168.0,365430.0,279780.0,197399.0,214111.0,106067.0,118408.0,124677.0,152913.0,156804.0,
2007-08-01,495657.0,258995.0,126404.0,285197.0,145995.0,177631.0,273555.0,269929.0,389456.0,146623.0,366309.0,180591.0,153015.0,546716.0,236122.0,330006.0,219489.0,254430.0,145858.0,224406.0,295160.0,259973.0,463506.0,324251.0,264512.0,180253.0,138147.0,204610.0,172866.0,237004.0,176422.0,306661.0,124229.0,134354.0,239869.0,322889.0,205770.0,134300.0,94775.0,112855.0,118265.0,364393.0,279802.0,198130.0,214090.0,106395.0,118533.0,124798.0,153398.0,157189.0,
2007-09-01,489715.0,255621.0,126713.0,284011.0,146455.0,178017.0,273524.0,266980.0,387598.0,145505.0,364787.0,180392.0,153078.0,545396.0,235347.0,325572.0,220073.0,254043.0,145709.0,223555.0,295104.0,261901.0,463488.0,324355.0,263923.0,180306.0,138228.0,204900.0,172777.0,237211.0,176477.0,305686.0,124110.0,134461.0,240809.0,322406.0,206247.0,134121.0,94836.0,112930.0,118345.0,363329.0,279308.0,198151.0,214395.0,106630.0,118737.0,124913.0,153712.0,157463.0,
2007-10-01,483593.0,252158.0,126987.0,283033.0,146862.0,178316.0,273766.0,264325.0,385936.0,144461.0,362964.0,180095.0,153038.0,545257.0,234577.0,321412.0,220759.0,253408.0,145482.0,222828.0,294574.0,263355.0,464196.0,323436.0,263202.0,180348.0,138302.0,205071.0,172828.0,237763.0,176322.0,304337.0,124135.0,134012.0,241725.0,321806.0,206923.0,133867.0,94909.0,113003.0,118475.0,361519.0,279205.0,198139.0,215175.0,106768.0,118980.0,125041.0,154157.0,157626.0,
2007-11-01,477547.0,248494.0,127039.0,281999.0,147175.0,178524.0,273922.0,260476.0,384188.0,143252.0,361141.0,179560.0,152768.0,544734.0,233796.0,314827.0,221538.0,252443.0,145079.0,221604.0,293524.0,264619.0,464363.0,321726.0,262015.0,180444.0,138233.0,205293.0,172724.0,238478.0,176127.0,303651.0,124372.0,133661.0,242422.0,320584.0,207442.0,133399.0,94922.0,112947.0,118485.0,358491.0,278516.0,198074.0,214858.0,106924.0,119053.0,125147.0,154659.0,157781.0,
2007-12-01,470904.0,244813.0,126997.0,280470.0,147479.0,178638.0,273943.0,256948.0,382403.0,142285.0,359326.0,179090.0,152436.0,544497.0,232808.0,308173.0,222394.0,251419.0,144685.0,220092.0,292257.0,265887.0,463747.0,319932.0,260622.0,180492.0,138087.0,205774.0,172613.0,239087.0,175928.0,302802.0,124727.0,133306.0,243009.0,319181.0,207819.0,132851.0,95017.0,112933.0,118461.0,355342.0,277249.0,198165.0,214969.0,107040.0,118875.0,125349.0,155282.0,157792.0,
2008-01-01,464521.0,240683.0,126921.0,278768.0,147079.0,178711.0,273941.0,253014.0,380925.0,141226.0,357408.0,178283.0,151871.0,543615.0,231763.0,299481.0,223253.0,250227.0,144364.0,218403.0,290376.0,266506.0,462770.0,318248.0,259084.0,180354.0,137812.0,206230.0,172425.0,240399.0,175908.0,301440.0,124936.0,132922.0,243537.0,316574.0,208042.0,132303.0,95150.0,112869.0,118369.0,352956.0,275196.0,198040.0,215013.0,107046.0,118840.0,125601.0,156002.0,157849.0,
2008-02-01,456471.0,236767.0,126876.0,276881.0,146559.0,178742.0,273672.0,248076.0,379781.0,139947.0,355176.0,177455.0,151411.0,542399.0,229323.0,290554.0,223764.0,249250.0,144272.0,216469.0,289211.0,266229.0,461567.0,316792.0,257956.0,180295.0,137580.0,207077.0,171961.0,240377.0,175745.0,299124.0,124955.0,132319.0,243500.0,314120.0,208289.0,131805.0,95330.0,112882.0,118341.0,351135.0,273558.0,197796.0,215090.0,107109.0,118663.0,125640.0,156513.0,157695.0,
2008-03-01,446819.0,232465.0,126951.0,274629.0,145915.0,178815.0,273465.0,242899.0,378059.0,138385.0,352778.0,176441.0,151042.0,542589.0,228725.0,281615.0,223262.0,248298.0,144171.0,214726.0,287572.0,264953.0,460084.0,315344.0,256570.0,180179.0,137306.0,207027.0,171225.0,240261.0,175378.0,296965.0,124890.0,131813.0,243719.0,311203.0,208506.0,131423.0,95438.0,112904.0,118306.0,349082.0,273021.0,197356.0,214909.0,106919.0,118592.0,125485.0,156775.0,157556.0,
2008-04-01,435600.0,228462.0,127019.0,272101.0,145784.0,178828.0,272990.0,236713.0,375353.0,136601.0,350675.0,175707.0,150901.0,542966.0,226554.0,274644.0,222717.0,247523.0,143838.0,213042.0,286182.0,263105.0,457915.0,313289.0,255586.0,180114.0,137140.0,206664.0,170408.0,239082.0,174979.0,294658.0,124763.0,131556.0,243481.0,309381.0,208496.0,131091.0,95536.0,112948.0,118077.0,346387.0,272757.0,196787.0,213984.0,106968.0,118179.0,125225.0,156742.0,157394.0,
2008-05-01,424103.0,223990.0,127186.0,269386.0,145618.0,178724.0,272266.0,232716.0,371824.0,134986.0,348943.0,174976.0,150777.0,545114.0,226366.0,269005.0,222519.0,246568.0,143433.0,211615.0,284069.0,261037.0,455916.0,310637.0,253280.0,179814.0,137043.0,204901.0,169763.0,238560.0,174644.0,291887.0,124596.0,131387.0,243653.0,307929.0,208136.0,130852.0,95637.0,112857.0,117846.0,342679.0,271997.0,196133.0,212682.0,107012.0,117544.0,125104.0,156698.0,157411.0,
2008-06-01,413409.0,219835.0,127285.0,267200.0,145417.0,178392.0,271348.0,228295.0,368541.0,133424.0,347383.0,174175.0,150558.0,545217.0,223844.0,262154.0,222997.0,245697.0,142936.0,210305.0,282010.0,258858.0,454019.0,307757.0,251014.0,179405.0,137064.0,203393.0,169358.0,237911.0,174352.0,289030.0,124458.0,131263.0,243467.0,306706.0,207594.0,130538.0,95820.0,112654.0,117623.0,338223.0,270020.0,195265.0,210785.0,107310.0,116920.0,124980.0,156810.0,157449.0,
2008-07-01,402362.0,215503.0,127251.0,264777.0,145255.0,177905.0,270160.0,223563.0,365494.0,131826.0,345456.0,173162.0,150161.0,540375.0,222944.0,254764.0,223261.0,244572.0,142447.0,208788.0,279940.0,256768.0,450732.0,305170.0,248646.0,178668.0,136989.0,201876.0,168910.0,237088.0,173696.0,285636.0,124223.0,131110.0,243427.0,305013.0,207224.0,130243.0,96033.0,112445.0,117599.0,332975.0,267861.0,194264.0,209353.0,107373.0,116274.0,124861.0,156928.0,157478.0,
2008-08-01,391960.0,210964.0,127281.0,262109.0,144785.0,177390.0,268965.0,217257.0,362564.0,129801.0,343219.0,171993.0,149617.0,533241.0,220167.0,247067.0,222913.0,243594.0,141906.0,206857.0,277607.0,254390.0,446504.0,302204.0,246721.0,177768.0,136659.0,200471.0,168359.0,236784.0,172901.0,282161.0,123838.0,130891.0,243651.0,302617.0,207065.0,129843.0,96168.0,112147.0,117623.0,328094.0,265458.0,193151.0,207903.0,107356.0,115821.0,124767.0,157155.0,157500.0,
2008-09-01,382506.0,206375.0,127253.0,259440.0,144170.0,176860.0,267615.0,211481.0,359476.0,127959.0,340325.0,170779.0,149013.0,525772.0,218379.0,239382.0,222634.0,242815.0,141416.0,204707.0,275125.0,252499.0,443250.0,299125.0,244858.0,176879.0,136334.0,198924.0,167632.0,236313.0,172082.0,278540.0,123350.0,130487.0,243638.0,299733.0,206841.0,129370.0,95339.0,111887.0,117663.0,323380.0,263530.0,192190.0,206941.0,107356.0,115329.0,124737.0,157332.0,157455.0,
2008-10-01,374585.0,201730.0,127280.0,257405.0,143485.0,176325.0,265950.0,206838.0,356148.0,126458.0,337336.0,169392.0,148496.0,522365.0,215370.0,232269.0,222329.0,242217.0,140983.0,202515.0,272513.0,250607.0,441924.0,296218.0,242642.0,176164.0,135846.0,197213.0,166576.0,235808.0,171387.0,274898.0,122999.0,129949.0,243854.0,296859.0,206486.0,128718.0,94381.0,111552.0,117669.0,319223.0,261239.0,190976.0,206004.0,107465.0,114984.0,124619.0,157588.0,157341.0,
2008-11-01,366428.0,197205.0,126994.0,255743.0,142867.0,175603.0,264181.0,200965.0,352608.0,125074.0,334383.0,167562.0,147918.0,518818.0,212955.0,224181.0,222393.0,241414.0,140337.0,200562.0,269967.0,248881.0,440424.0,293347.0,241176.0,175458.0,135498.0,195476.0,165347.0,235221.0,170327.0,271367.0,122648.0,129352.0,243787.0,294247.0,206273.0,128100.0,93444.0,111274.0,117566.0,315958.0,259591.0,189853.0,205321.0,107389.0,114774.0,124507.0,157864.0,156929.0,
2008-12-01,358645.0,192924.0,126704.0,254172.0,142309.0,174752.0,262567.0,194996.0,349559.0,123243.0,331864.0,165376.0,147326.0,515443.0,209799.0,217717.0,222256.0,240518.0,139677.0,198804.0,267174.0,246745.0,438053.0,290237.0,239425.0,174654.0,134890.0,193584.0,164203.0,234728.0,169325.0,267483.0,122174.0,128755.0,243650.0,292179.0,206214.0,127307.0,93346.0,110927.0,117429.0,312784.0,257894.0,188968.0,204109.0,107238.0,114621.0,124376.0,158059.0,156570.0,
2009-01-01,351485.0,188909.0,126252.0,252317.0,141790.0,173845.0,261092.0,189665.0,347425.0,120902.0,329714.0,163286.0,146785.0,512537.0,206486.0,210747.0,222171.0,239706.0,139054.0,197104.0,264871.0,243990.0,437752.0,287570.0,238601.0,173850.0,134477.0,191522.0,162525.0,234562.0,168120.0,263715.0,121810.0,128261.0,243415.0,290256.0,206276.0,126412.0,93612.0,110556.0,117342.0,309608.0,256602.0,188398.0,202745.0,107052.0,114294.0,124175.0,158363.0,156224.0,167370.0
2009-02-01,346993.0,185445.0,126092.0,250613.0,141647.0,173279.0,259862.0,186941.0,345603.0,118644.0,327565.0,161549.0,146404.0,508114.0,204122.0,205944.0,221704.0,239344.0,138670.0,195503.0,262177.0,241452.0,438183.0,284702.0,237463.0,173429.0,133941.0,189138.0,161578.0,234372.0,167150.0,260322.0,121500.0,128041.0,243861.0,289238.0,206148.0,125464.0,93785.0,110097.0,117326.0,306002.0,255227.0,187676.0,201604.0,106766.0,113961.0,123908.0,158290.0,156172.0,167539.0
2009-03-01,342932.0,182102.0,126021.0,248939.0,141654.0,172817.0,258753.0,183921.0,343688.0,116539.0,325316.0,160017.0,145995.0,504345.0,201638.0,200693.0,221388.0,239074.0,138371.0,193518.0,259619.0,238892.0,437880.0,281757.0,236550.0,173262.0,133452.0,186737.0,160696.0,234064.0,166388.0,256949.0,121373.0,128350.0,244442.0,287588.0,205656.0,124695.0,93960.0,109630.0,117259.0,302336.0,253606.0,186195.0,200387.0,106588.0,113719.0,123706.0,158138.0,156130.0,167532.0
2009-04-01,338854.0,178710.0,126259.0,247521.0,141741.0,172284.0,257827.0,180649.0,341006.0,114870.0,323499.0,158292.0,145418.0,500122.0,200424.0,195520.0,220857.0,238853.0,138038.0,191846.0,256742.0,237129.0,434723.0,277750.0,234574.0,173131.0,132777.0,184344.0,160728.0,233591.0,165637.0,254638.0,121202.0,128598.0,244694.0,286175.0,204988.0,124257.0,93780.0,109175.0,117125.0,298645.0,252153.0,185097.0,199389.0,106453.0,113577.0,123616.0,157661.0,156345.0,167333.0
2009-05-01,334861.0,175474.0,126396.0,246269.0,141770.0,171528.0,256945.0,176849.0,338339.0,113404.0,322449.0,156536.0,144669.0,495797.0,198533.0,189041.0,220361.0,238512.0,137578.0,190626.0,254302.0,235096.0,430821.0,274430.0,232740.0,172815.0,132171.0,182147.0,160272.0,233409.0,164707.0,252466.0,121050.0,128983.0,244142.0,283699.0,204480.0,123985.0,93574.0,108856.0,116897.0,295271.0,250345.0,184071.0,197197.0,106576.0,113360.0,123568.0,157244.0,156405.0,166883.0
2009-06-01,331578.0,172431.0,126559.0,245053.0,141730.0,170715.0,255928.0,173958.0,335715.0,112052.0,321797.0,154940.0,143950.0,490230.0,197260.0,182559.0,219495.0,238134.0,136942.0,189919.0,251829.0,233256.0,428644.0,271665.0,231406.0,172411.0,131525.0,180321.0,159843.0,233003.0,163547.0,250789.0,120910.0,129102.0,243627.0,281506.0,204124.0,123716.0,93368.0,108639.0,116683.0,292749.0,248880.0,184311.0,195586.0,106754.0,113054.0,123445.0,156825.0,156479.0,166379.0
2009-07-01,329358.0,169970.0,126609.0,243959.0,141749.0,169950.0,254896.0,171526.0,333419.0,110964.0,321281.0,153707.0,143289.0,485216.0,195974.0,176321.0,218511.0,237530.0,136256.0,189376.0,249395.0,231563.0,425755.0,269919.0,230392.0,172002.0,130939.0,178479.0,159217.0,232211.0,162586.0,248984.0,120607.0,129242.0,243103.0,279162.0,203736.0,123325.0,93127.0,108390.0,116447.0,290126.0,247654.0,183831.0,193856.0,106917.0,112813.0,123368.0,156322.0,156346.0,166066.0
2009-08-01,327379.0,167611.0,126626.0,242832.0,141539.0,169036.0,253767.0,169222.0,331484.0,109820.0,320726.0,152660.0,142795.0,481809.0,194770.0,171794.0,217362.0,237018.0,135705.0,188887.0,247536.0,229959.0,423500.0,268216.0,229455.0,171498.0,130305.0,176694.0,158808.0,231010.0,161889.0,247708.0,120281.0,129316.0,242662.0,277756.0,203100.0,122901.0,92968.0,108051.0,116245.0,287905.0,246928.0,183585.0,193319.0,107072.0,112462.0,123251.0,155877.0,156037.0,166385.0
2009-09-01,325894.0,165448.0,126581.0,241770.0,141331.0,168272.0,252908.0,167131.0,329874.0,108837.0,320432.0,151609.0,142379.0,476901.0,192832.0,168287.0,216279.0,236617.0,135180.0,188173.0,246270.0,228384.0,420471.0,266767.0,228316.0,171055.0,129720.0,174734.0,158286.0,230011.0,161236.0,246989.0,119950.0,129593.0,242212.0,276424.0,202428.0,122535.0,92085.0,107660.0,116010.0,285334.0,246193.0,182572.0,192641.0,107184.0,112090.0,123141.0,155409.0,155703.0,166878.0
2009-10-01,325378.0,163686.0,126610.0,240871.0,141065.0,167660.0,252265.0,164853.0,328770.0,107637.0,320153.0,150515.0,142076.0,471488.0,191073.0,166156.0,215671.0,236477.0,134816.0,187295.0,245372.0,226956.0,417434.0,265866.0,227396.0,170794.0,129254.0,173130.0,157763.0,229385.0,160620.0,246640.0,119675.0,129999.0,241768.0,275400.0,201771.0,122294.0,91225.0,107317.0,115866.0,283599.0,245564.0,182575.0,191964.0,107201.0,111654.0,123014.0,155072.0,155377.0,167232.0
2009-11-01,327115.0,162677.0,126642.0,240523.0,141196.0,167291.0,251892.0,164521.0,328057.0,106690.0,320305.0,149540.0,141787.0,467025.0,189395.0,164404.0,215060.0,236612.0,134770.0,186449.0,244478.0,226062.0,416942.0,265463.0,226929.0,170809.0,128878.0,171859.0,157169.0,228845.0,160167.0,246869.0,119544.0,130297.0,241834.0,273793.0,201045.0,121982.0,90275.0,107185.0,115769.0,282292.0,244878.0,182146.0,191167.0,107355.0,111339.0,122930.0,154770.0,155325.0,166960.0
2009-12-01,329744.0,161829.0,126600.0,240639.0,141339.0,166860.0,251619.0,164601.0,327883.0,105809.0,321100.0,148767.0,141592.0,467180.0,188847.0,162463.0,214471.0,236913.0,134930.0,186089.0,243736.0,225354.0,419090.0,265063.0,226765.0,170940.0,128564.0,171273.0,156734.0,228462.0,159914.0,246986.0,119488.0,130733.0,242213.0,272396.0,200619.0,121702.0,90059.0,107159.0,115790.0,281535.0,244106.0,181777.0,190807.0,107480.0,111095.0,122866.0,154735.0,155071.0,166735.0
2010-01-01,331920.0,161155.0,126511.0,241167.0,141337.0,166467.0,251397.0,164624.0,327853.0,105310.0,322431.0,147966.0,141498.0,469309.0,187939.0,161618.0,213567.0,237592.0,134928.0,185952.0,242905.0,224497.0,421575.0,263685.0,226853.0,171250.0,128406.0,170184.0,156686.0,228128.0,159790.0,248258.0,119423.0,131223.0,243064.0,271003.0,200381.0,121407.0,90019.0,107295.0,115759.0,281232.0,243686.0,181569.0,190533.0,107685.0,110983.0,122880.0,154891.0,155080.0,166733.0
2010-02-01,332303.0,160528.0,126323.0,241600.0,141308.0,166014.0,251428.0,163398.0,327944.0,104714.0,324015.0,147317.0,141418.0,473880.0,187593.0,160744.0,212878.0,238263.0,134659.0,186145.0,242272.0,223693.0,421637.0,262393.0,226567.0,171636.0,128277.0,169431.0,156916.0,227948.0,159556.0,249337.0,119479.0,131643.0,243116.0,270518.0,200466.0,121361.0,90123.0,107381.0,115729.0,280610.0,243571.0,181625.0,190544.0,107799.0,110941.0,122959.0,154955.0,155095.0,166728.0
2010-03-01,333509.0,160155.0,126421.0,242043.0,141396.0,165701.0,251508.0,162230.0,327756.0,104405.0,325105.0,146824.0,141449.0,475745.0,186345.0,159984.0,212661.0,238785.0,134632.0,186769.0,242158.0,223011.0,420722.0,261272.0,226027.0,172184.0,127943.0,168233.0,157243.0,228077.0,159236.0,250541.0,119507.0,131685.0,243326.0,270716.0,200527.0,121300.0,90423.0,107500.0,115804.0,280304.0,243570.0,181974.0,191112.0,108014.0,110855.0,123223.0,155091.0,155366.0,166467.0
2010-04-01,335004.0,159785.0,126519.0,242521.0,141700.0,165610.0,251982.0,161895.0,327569.0,104316.0,326312.0,146692.0,141506.0,478599.0,186783.0,158561.0,212576.0,238796.0,134877.0,187362.0,241931.0,222746.0,422550.0,261644.0,225329.0,172650.0,127497.0,167641.0,157527.0,228172.0,159062.0,250245.0,119721.0,132168.0,243475.0,271769.0,200696.0,121360.0,90722.0,107559.0,115969.0,280069.0,243230.0,181425.0,192287.0,108309.0,110704.0,123435.0,155224.0,155435.0,166165.0
2010-05-01,336600.0,159230.0,126726.0,242846.0,141938.0,165586.0,252365.0,161155.0,327152.0,104550.0,326913.0,146507.0,141599.0,478826.0,186219.0,157274.0,212904.0,238289.0,135093.0,187828.0,241088.0,222334.0,427305.0,262027.0,224900.0,172891.0,126999.0,166965.0,157663.0,228294.0,159039.0,249617.0,119753.0,132412.0,244175.0,272415.0,201010.0,121360.0,90986.0,107639.0,116131.0,280375.0,242996.0,180933.0,193192.0,108611.0,110494.0,123568.0,155532.0,155615.0,166176.0
2010-06-01,335879.0,158374.0,126748.0,242641.0,141910.0,165399.0,252934.0,160225.0,326515.0,104795.0,327454.0,146150.0,141523.0,481792.0,186847.0,156897.0,212808.0,237442.0,134870.0,187574.0,239770.0,221307.0,431491.0,261515.0,224563.0,172824.0,126533.0,165412.0,157393.0,228282.0,158844.0,249236.0,119801.0,132414.0,244376.0,272860.0,201237.0,121308.0,91240.0,107600.0,116073.0,280103.0,242751.0,179712.0,192725.0,108675.0,110295.0,123469.0,155684.0,155762.0,166464.0
2010-07-01,334160.0,157219.0,126508.0,241659.0,141515.0,164833.0,253167.0,157769.0,325422.0,104603.0,326928.0,145210.0,141306.0,483024.0,184839.0,156265.0,212601.0,236371.0,134345.0,186975.0,238243.0,219603.0,432959.0,259606.0,224544.0,172417.0,125882.0,163458.0,156834.0,228647.0,158348.0,249119.0,119656.0,131505.0,244552.0,272229.0,201083.0,120985.0,91412.0,107360.0,115922.0,279038.0,242292.0,178577.0,191504.0,108462.0,109958.0,123272.0,155746.0,155692.0,167124.0
2010-08-01,331707.0,155816.0,125966.0,240484.0,140887.0,164130.0,252871.0,156024.0,323812.0,104153.0,326013.0,143994.0,140951.0,484441.0,183691.0,155398.0,212137.0,235227.0,133618.0,185589.0,236465.0,217442.0,433177.0,256942.0,224607.0,171797.0,125201.0,161563.0,155694.0,229010.0,157750.0,248834.0,119388.0,130504.0,244764.0,271206.0,200750.0,120556.0,91652.0,107105.0,115727.0,276898.0,241054.0,177413.0,190299.0,108191.0,109546.0,122994.0,155782.0,155481.0,167782.0
2010-09-01,329564.0,154344.0,125300.0,239377.0,140232.0,163374.0,252129.0,153663.0,321714.0,103363.0,323958.0,142369.0,140506.0,484705.0,181512.0,153903.0,211803.0,234065.0,132778.0,183778.0,234118.0,215851.0,431242.0,254534.0,224882.0,170925.0,124623.0,159619.0,154212.0,229116.0,157003.0,247526.0,118878.0,129502.0,244732.0,269665.0,200365.0,120000.0,91276.0,106657.0,115571.0,274574.0,239669.0,176355.0,189549.0,107868.0,109033.0,122657.0,155677.0,155304.0,168619.0
2010-10-01,327227.0,152824.0,124831.0,238469.0,139612.0,162664.0,250969.0,152181.0,319351.0,102573.0,322008.0,140983.0,139978.0,485062.0,180095.0,152665.0,211338.0,233027.0,131854.0,181859.0,231873.0,214312.0,429569.0,251880.0,224443.0,169962.0,124173.0,157723.0,152775.0,229279.0,156228.0,245862.0,118338.0,128675.0,244407.0,267372.0,200198.0,119388.0,90788.0,106247.0,115398.0,272481.0,237708.0,174613.0,188678.0,107436.0,108522.0,122244.0,155623.0,155157.0,169055.0
2010-11-01,325309.0,151298.0,124419.0,237513.0,138978.0,161923.0,249923.0,150281.0,317186.0,101627.0,320283.0,139461.0,139444.0,487058.0,177779.0,152071.0,210518.0,232075.0,130907.0,180226.0,229886.0,212508.0,426493.0,249433.0,223435.0,168928.0,123564.0,155690.0,151438.0,229410.0,155460.0,244245.0,117737.0,127907.0,243683.0,264663.0,199829.0,118638.0,90190.0,105701.0,115015.0,270397.0,235906.0,172827.0,187693.0,106795.0,108149.0,121861.0,155552.0,154898.0,169343.0
2010-12-01,324126.0,149879.0,124003.0,236840.0,138467.0,161218.0,248875.0,148607.0,315244.0,100783.0,319668.0,138118.0,138856.0,487730.0,175746.0,151292.0,209454.0,231147.0,130020.0,178253.0,227949.0,210203.0,426246.0,247024.0,222314.0,168007.0,122843.0,153913.0,150363.0,229681.0,154553.0,243374.0,117281.0,127444.0,243389.0,262209.0,199556.0,117816.0,90035.0,105230.0,114554.0,268314.0,234387.0,171302.0,186504.0,106335.0,108048.0,121466.0,155518.0,154270.0,169430.0
2011-01-01,323164.0,148417.0,123579.0,236231.0,138013.0,160467.0,248255.0,146655.0,313735.0,99850.0,318934.0,136723.0,138162.0,488641.0,173952.0,149704.0,208255.0,230410.0,129245.0,176497.0,226105.0,208206.0,424832.0,245068.0,221489.0,167233.0,122107.0,152309.0,149335.0,229451.0,153534.0,242534.0,116840.0,127275.0,243049.0,261157.0,199420.0,117076.0,89900.0,104830.0,113937.0,266467.0,233065.0,171121.0,186468.0,106045.0,108060.0,121186.0,155433.0,153232.0,169450.0
2011-02-01,322122.0,147068.0,123259.0,235578.0,137549.0,159790.0,247744.0,144865.0,312198.0,99127.0,317657.0,135672.0,137584.0,488047.0,172562.0,147654.0,206916.0,229710.0,128583.0,174594.0,224095.0,206388.0,424693.0,243577.0,221466.0,166624.0,121524.0,150683.0,148271.0,229218.0,152366.0,242050.0,116445.0,127249.0,242607.0,260710.0,199481.0,116382.0,89773.0,104557.0,113386.0,265640.0,231915.0,171067.0,186911.0,105897.0,108002.0,120860.0,155171.0,152231.0,169549.0
2011-03-01,320281.0,145645.0,122839.0,234774.0,137134.0,159074.0,247462.0,143570.0,310562.0,98473.0,315843.0,134533.0,137030.0,488051.0,171599.0,145532.0,205820.0,229034.0,127804.0,173432.0,221899.0,205279.0,423647.0,241689.0,221016.0,166172.0,121162.0,149578.0,147328.0,228868.0,151537.0,240955.0,116119.0,127171.0,241777.0,259649.0,199565.0,115884.0,89535.0,104395.0,112902.0,265410.0,230407.0,171128.0,187558.0,105629.0,107865.0,120527.0,154982.0,151387.0,169865.0
2011-04-01,318513.0,144313.0,122355.0,234077.0,136753.0,158293.0,246929.0,141833.0,308582.0,97877.0,314493.0,133183.0,136684.0,485588.0,170217.0,143522.0,205261.0,228295.0,127023.0,172014.0,219815.0,204071.0,423751.0,239641.0,220513.0,165610.0,120843.0,148015.0,146346.0,228839.0,150711.0,239592.0,115831.0,126689.0,240817.0,258373.0,199497.0,115342.0,89384.0,104195.0,112568.0,264876.0,228879.0,170306.0,187302.0,105339.0,107662.0,120187.0,154643.0,150965.0,170320.0
2011-05-01,315580.0,142966.0,122082.0,233375.0,136462.0,157562.0,246402.0,140264.0,306377.0,97357.0,313360.0,131509.0,136263.0,483312.0,169430.0,142264.0,204966.0,227238.0,126261.0,170659.0,218132.0,203242.0,423488.0,236479.0,219325.0,164961.0,120604.0,146755.0,145491.0,228488.0,149967.0,237540.0,115540.0,126481.0,240274.0,256767.0,199150.0,114854.0,89270.0,103894.0,112288.0,263663.0,227066.0,169215.0,186884.0,105035.0,107561.0,119878.0,154466.0,150630.0,170249.0
2011-06-01,313764.0,141813.0,121888.0,232741.0,136093.0,156914.0,245557.0,138472.0,304076.0,96841.0,312680.0,130009.0,135919.0,480359.0,168139.0,140580.0,204790.0,226399.0,125670.0,169254.0,217082.0,202159.0,423324.0,234151.0,218359.0,164112.0,120309.0,145910.0,144741.0,228290.0,149229.0,236060.0,115281.0,126319.0,240231.0,255894.0,198401.0,114387.0,89362.0,103668.0,112011.0,262319.0,225549.0,167947.0,186657.0,104816.0,107381.0,119648.0,154496.0,150495.0,169654.0
2011-07-01,312089.0,140747.0,121711.0,232038.0,135948.0,156355.0,244836.0,137495.0,301631.0,96530.0,311864.0,128851.0,135547.0,478472.0,167639.0,139557.0,204361.0,225571.0,125200.0,168083.0,216218.0,201457.0,423711.0,231945.0,217003.0,163336.0,119991.0,145836.0,143961.0,228038.0,148720.0,234326.0,115171.0,126402.0,240359.0,254456.0,197908.0,114112.0,89392.0,103547.0,111767.0,260682.0,224489.0,167280.0,186622.0,104800.0,107444.0,119501.0,154575.0,150389.0,169086.0
2011-08-01,310075.0,139980.0,121395.0,231515.0,135823.0,155748.0,244132.0,136910.0,299595.0,96417.0,310994.0,128141.0,135244.0,476082.0,166464.0,137681.0,204345.0,225195.0,124666.0,167265.0,215348.0,201187.0,422941.0,230434.0,216134.0,162734.0,119674.0,145710.0,143439.0,227799.0,148236.0,232956.0,115257.0,126454.0,240470.0,252743.0,197785.0,113892.0,89483.0,103534.0,111562.0,258999.0,223467.0,166798.0,186389.0,104890.0,107365.0,119418.0,154694.0,150308.0,169014.0
2011-09-01,307594.0,139413.0,121049.0,230825.0,135772.0,155242.0,243504.0,136586.0,297824.0,96395.0,309474.0,127674.0,134938.0,474009.0,165458.0,136853.0,204377.0,225006.0,124254.0,166465.0,214580.0,200407.0,422700.0,228544.0,215275.0,162332.0,119301.0,145481.0,143012.0,227513.0,147728.0,231370.0,115343.0,126358.0,240307.0,250653.0,198020.0,113618.0,89367.0,103541.0,111351.0,257153.0,222017.0,166490.0,185923.0,105055.0,107278.0,119402.0,154604.0,150110.0,169122.0
2011-10-01,305068.0,139152.0,120642.0,230143.0,135587.0,154604.0,242852.0,136595.0,296207.0,96327.0,307568.0,127279.0,134572.0,473120.0,163484.0,136087.0,204592.0,224902.0,123698.0,165664.0,213496.0,199658.0,421577.0,226778.0,214918.0,161966.0,118916.0,145399.0,142533.0,227352.0,147204.0,229808.0,115332.0,126408.0,240240.0,248538.0,197919.0,113251.0,89277.0,103588.0,111115.0,256036.0,220291.0,166080.0,185348.0,104875.0,106958.0,119381.0,154650.0,150017.0,169369.0
2011-11-01,304407.0,139031.0,120341.0,229622.0,135306.0,153996.0,242117.0,136529.0,294364.0,96117.0,305764.0,126873.0,134241.0,471360.0,162257.0,135600.0,204658.0,224932.0,123255.0,164740.0,212212.0,198830.0,421216.0,225156.0,214174.0,161564.0,118399.0,145389.0,142129.0,227682.0,146704.0,227725.0,115189.0,126405.0,240179.0,246945.0,198011.0,112862.0,89194.0,103581.0,111045.0,255341.0,219056.0,165646.0,184784.0,104639.0,106786.0,119434.0,154760.0,149845.0,169528.0
2011-12-01,303818.0,138981.0,120066.0,229488.0,135015.0,153415.0,241554.0,137362.0,292469.0,95879.0,304594.0,126064.0,133937.0,471853.0,160440.0,135023.0,204710.0,225020.0,122710.0,163809.0,210834.0,198902.0,419954.0,223858.0,213449.0,161174.0,118030.0,145408.0,141537.0,227889.0,146540.0,225962.0,114979.0,126295.0,240388.0,245388.0,198185.0,112512.0,89233.0,103525.0,110990.0,254729.0,217712.0,165220.0,184174.0,104371.0,106682.0,119508.0,154942.0,149500.0,169652.0
2012-01-01,303605.0,139045.0,119992.0,229527.0,134929.0,153009.0,241044.0,137902.0,291112.0,95695.0,303593.0,125491.0,133825.0,472319.0,159540.0,134865.0,204909.0,225410.0,122378.0,163156.0,209987.0,198883.0,420428.0,222994.0,212564.0,160848.0,117982.0,145342.0,141154.0,227957.0,146563.0,224955.0,114688.0,125882.0,241223.0,244168.0,198959.0,112060.0,89229.0,103499.0,110984.0,253889.0,216791.0,164909.0,183484.0,104283.0,106611.0,119490.0,155102.0,149235.0,169891.0
2012-02-01,303349.0,139151.0,120003.0,229875.0,135178.0,152749.0,240517.0,138868.0,290247.0,95588.0,302641.0,124962.0,133718.0,473531.0,157874.0,134589.0,205009.0,225944.0,122167.0,162892.0,209761.0,199215.0,419883.0,221866.0,211986.0,160611.0,118007.0,145725.0,140562.0,227858.0,146859.0,223866.0,114549.0,125407.0,241973.0,243057.0,199619.0,111626.0,89265.0,103547.0,111008.0,253404.0,215454.0,164664.0,182620.0,104310.0,106521.0,119476.0,155232.0,149037.0,170413.0
2012-03-01,303493.0,139465.0,120208.0,230295.0,135624.0,152644.0,240148.0,139412.0,289960.0,95926.0,302423.0,125178.0,133754.0,475436.0,157672.0,134257.0,205495.0,226547.0,122259.0,163340.0,210249.0,199589.0,421658.0,221537.0,211253.0,160513.0,118122.0,146509.0,140324.0,227656.0,146866.0,223020.0,114548.0,125439.0,243136.0,242268.0,200221.0,111376.0,89364.0,103750.0,111134.0,253499.0,215166.0,164379.0,182030.0,104388.0,106392.0,119496.0,155211.0,149274.0,171222.0
2012-04-01,304198.0,139856.0,120425.0,230664.0,136027.0,152780.0,240044.0,141298.0,289228.0,96345.0,302837.0,125399.0,133836.0,476590.0,157351.0,134047.0,205920.0,227253.0,122580.0,163995.0,211207.0,200561.0,421436.0,221528.0,210873.0,160542.0,117999.0,147957.0,140203.0,227587.0,146894.0,222242.0,114784.0,125818.0,243895.0,241535.0,200613.0,111337.0,89490.0,104056.0,111359.0,253931.0,214602.0,164141.0,182022.0,104649.0,106352.0,119628.0,155215.0,149624.0,172063.0
2012-05-01,305456.0,140329.0,120617.0,230963.0,136451.0,152792.0,240258.0,144012.0,288495.0,96984.0,303759.0,125781.0,133989.0,478090.0,157657.0,134433.0,206529.0,228331.0,122931.0,164695.0,212391.0,201947.0,422795.0,222539.0,211216.0,160623.0,117998.0,149423.0,140579.0,227425.0,146761.0,221726.0,115003.0,126361.0,244819.0,240693.0,201266.0,111318.0,89493.0,104474.0,111492.0,254268.0,214871.0,164267.0,182346.0,104993.0,106358.0,119826.0,155326.0,150029.0,173106.0
2012-06-01,307251.0,140827.0,120904.0,231095.0,136863.0,152657.0,240530.0,147072.0,287357.0,97637.0,304203.0,126188.0,134053.0,475983.0,157564.0,135829.0,206983.0,229683.0,123097.0,165471.0,213471.0,203289.0,425183.0,223813.0,211993.0,160574.0,117898.0,150752.0,140819.0,227448.0,146624.0,221265.0,115110.0,126751.0,244958.0,239302.0,202019.0,111263.0,89505.0,104810.0,111502.0,254456.0,214553.0,164334.0,183043.0,105283.0,106363.0,120022.0,155471.0,150300.0,174582.0
2012-07-01,309303.0,141487.0,121135.0,231287.0,137362.0,152480.0,240703.0,149876.0,286349.0,98480.0,304642.0,126717.0,134162.0,475718.0,156968.0,137295.0,207570.0,231270.0,123045.0,166332.0,214302.0,204295.0,430069.0,225279.0,213099.0,160396.0,117883.0,152185.0,141142.0,227518.0,146366.0,221005.0,115123.0,127147.0,244988.0,238004.0,202572.0,111246.0,89567.0,105014.0,111495.0,254700.0,214091.0,164466.0,183648.0,105499.0,106408.0,120262.0,155738.0,150333.0,175941.0
2012-08-01,311640.0,142284.0,121274.0,231323.0,137721.0,152482.0,240796.0,152612.0,285251.0,99215.0,304828.0,127061.0,134271.0,475319.0,156337.0,139320.0,208439.0,232444.0,122994.0,167282.0,215367.0,205188.0,435384.0,226655.0,213381.0,160192.0,117848.0,154117.0,141074.0,227629.0,146127.0,221085.0,115087.0,127396.0,244848.0,237053.0,202797.0,111289.0,89698.0,105184.0,111426.0,254902.0,212942.0,164385.0,184049.0,105661.0,106356.0,120405.0,156041.0,150424.0,177170.0
2012-09-01,314267.0,143259.0,121147.0,231591.0,137929.0,152470.0,240804.0,155772.0,284601.0,99781.0,304959.0,127160.0,134473.0,478444.0,155554.0,141138.0,209161.0,233752.0,123092.0,168313.0,216467.0,206592.0,440337.0,227872.0,213430.0,160002.0,117897.0,155928.0,141043.0,227609.0,146152.0,221082.0,115088.0,127802.0,245024.0,236403.0,203114.0,111335.0,89776.0,105416.0,111500.0,255221.0,211897.0,164732.0,184029.0,105683.0,106143.0,120613.0,156488.0,150460.0,178165.0
2012-10-01,317810.0,144399.0,121091.0,232269.0,138091.0,152491.0,240681.0,158531.0,284381.0,100398.0,305611.0,127321.0,134618.0,481220.0,155798.0,143050.0,209991.0,235013.0,123049.0,169582.0,217940.0,208372.0,445822.0,229309.0,213461.0,159883.0,117943.0,157591.0,140722.0,227326.0,146292.0,221202.0,115162.0,127921.0,245276.0,236178.0,203926.0,111339.0,89834.0,105630.0,111529.0,255570.0,210738.0,164760.0,184005.0,105593.0,105856.0,120932.0,156923.0,150508.0,179673.0
2012-11-01,321729.0,145589.0,121205.0,233408.0,138453.0,152518.0,240696.0,161262.0,284599.0,101021.0,307064.0,127895.0,134751.0,485718.0,156107.0,145142.0,210895.0,236502.0,123198.0,170943.0,218851.0,210215.0,451459.0,231091.0,213681.0,159804.0,118103.0,158597.0,140652.0,227041.0,146472.0,221958.0,115088.0,128344.0,245727.0,236257.0,204820.0,111295.0,89898.0,105855.0,111599.0,256349.0,209969.0,164977.0,184550.0,105601.0,105686.0,121297.0,157277.0,150392.0,181289.0
2012-12-01,327203.0,146963.0,121399.0,234405.0,138965.0,152594.0,240849.0,162874.0,284949.0,101570.0,309209.0,128667.0,134913.0,489080.0,156364.0,147406.0,211843.0,237914.0,123352.0,172250.0,220178.0,212118.0,457520.0,232984.0,214157.0,159846.0,118205.0,160005.0,140411.0,227048.0,146540.0,222698.0,115110.0,128769.0,245540.0,236966.0,205907.0,111271.0,89957.0,106082.0,111588.0,257261.0,209283.0,164599.0,185155.0,105788.0,105692.0,121674.0,157724.0,150232.0,183043.0
2013-01-01,332789.0,148532.0,121441.0,235523.0,139649.0,152760.0,241109.0,165029.0,285805.0,102176.0,310750.0,129719.0,135179.0,491668.0,156889.0,150219.0,212544.0,239630.0,123888.0,173526.0,221829.0,213983.0,458641.0,234582.0,214218.0,160007.0,118401.0,161722.0,140502.0,227340.0,146617.0,223246.0,115070.0,129827.0,246011.0,237960.0,206563.0,111298.0,90016.0,106407.0,111650.0,258571.0,209399.0,164352.0,185573.0,106107.0,105722.0,122133.0,158296.0,150179.0,184625.0
2013-02-01,339247.0,150261.0,121339.0,236488.0,140384.0,152992.0,241611.0,166431.0,286525.0,103091.0,313210.0,130822.0,135507.0,493091.0,157680.0,153326.0,213002.0,241591.0,124234.0,174594.0,224655.0,215982.0,458170.0,236404.0,214785.0,160275.0,118553.0,163396.0,140196.0,227720.0,146758.0,224092.0,115255.0,130861.0,246395.0,238630.0,207245.0,111427.0,90147.0,106686.0,111783.0,260039.0,209900.0,164108.0,185764.0,106322.0,105731.0,122656.0,158916.0,150380.0,186434.0
2013-03-01,345822.0,151950.0,121560.0,237642.0,141291.0,153441.0,242120.0,168432.0,287435.0,104335.0,315562.0,132024.0,135880.0,494838.0,158440.0,157157.0,213750.0,243751.0,124565.0,175782.0,227348.0,218209.0,457420.0,238554.0,215882.0,160626.0,118873.0,165653.0,140563.0,228043.0,147205.0,225086.0,115426.0,131559.0,247506.0,239463.0,207774.0,111573.0,90408.0,106853.0,112026.0,261815.0,210727.0,164564.0,186028.0,106567.0,105810.0,123007.0,159530.0,150835.0,188083.0
2013-04-01,352917.0,153526.0,121925.0,238470.0,142234.0,153898.0,243020.0,169954.0,287971.0,105654.0,318265.0,133077.0,136296.0,497657.0,159409.0,160416.0,214664.0,245491.0,124778.0,176872.0,230271.0,220956.0,462598.0,241053.0,217451.0,161089.0,119138.0,167326.0,141174.0,228118.0,147607.0,226451.0,115826.0,131931.0,248161.0,240825.0,208308.0,111875.0,90698.0,106946.0,112224.0,263584.0,211286.0,165138.0,186260.0,106897.0,105785.0,123197.0,160035.0,151187.0,189542.0
2013-05-01,360060.0,155290.0,122378.0,239126.0,143171.0,154415.0,243927.0,171880.0,288944.0,106970.0,320368.0,134222.0,136645.0,497687.0,160267.0,164378.0,215604.0,247062.0,125134.0,178642.0,233054.0,223427.0,470583.0,243676.0,218881.0,161560.0,119280.0,169405.0,142329.0,228030.0,148001.0,227982.0,116188.0,132085.0,248922.0,242588.0,208833.0,112327.0,90895.0,107012.0,112444.0,265454.0,211476.0,165947.0,186592.0,107136.0,105734.0,123378.0,160595.0,151449.0,190818.0
2013-06-01,367557.0,156996.0,122592.0,239662.0,144105.0,154876.0,244946.0,174461.0,290274.0,108327.0,322226.0,135453.0,137009.0,496960.0,161718.0,168747.0,216603.0,248523.0,125583.0,180314.0,235567.0,226291.0,477096.0,245957.0,220107.0,162050.0,119371.0,170890.0,143165.0,227880.0,148389.0,229400.0,116581.0,132484.0,250262.0,244263.0,209046.0,112930.0,91025.0,107117.0,112711.0,266955.0,211770.0,166632.0,187133.0,107390.0,105566.0,123665.0,161137.0,151800.0,192270.0
2013-07-01,374693.0,158960.0,122775.0,240342.0,145053.0,155338.0,245800.0,177539.0,291853.0,109805.0,324300.0,136726.0,137312.0,496880.0,162875.0,173883.0,217565.0,250344.0,125981.0,182147.0,237779.0,228866.0,482472.0,248329.0,221174.0,162483.0,119477.0,172542.0,143908.0,227761.0,148909.0,230305.0,116871.0,132768.0,251558.0,245135.0,209275.0,113488.0,91201.0,107237.0,113018.0,268334.0,212026.0,167177.0,187484.0,107657.0,105449.0,123886.0,161727.0,152290.0,193574.0
2013-08-01,381300.0,160987.0,122847.0,241147.0,145942.0,155803.0,246430.0,180024.0,293426.0,111251.0,326269.0,138100.0,137790.0,502619.0,164337.0,178184.0,218599.0,252258.0,126242.0,183685.0,239260.0,231413.0,486638.0,250448.0,222090.0,162766.0,119735.0,173762.0,144508.0,227653.0,149611.0,231401.0,117175.0,133059.0,252916.0,245811.0,209542.0,113930.0,91429.0,107393.0,113392.0,269392.0,213098.0,167984.0,187869.0,108023.0,105304.0,124034.0,162232.0,152790.0,194894.0
2013-09-01,387137.0,163225.0,122954.0,242124.0,146861.0,156209.0,246986.0,182077.0,294633.0,112603.0,328654.0,139507.0,138364.0,509258.0,165507.0,182076.0,219393.0,254050.0,126323.0,185152.0,240948.0,233438.0,490985.0,252540.0,222863.0,163004.0,119918.0,174648.0,145231.0,227386.0,150219.0,232620.0,117394.0,133186.0,253702.0,246535.0,209971.0,114200.0,91775.0,107532.0,113609.0,270832.0,214150.0,168083.0,187756.0,108388.0,105208.0,124155.0,162699.0,152988.0,196239.0
2013-10-01,392629.0,165353.0,123108.0,242849.0,147851.0,156681.0,247609.0,183672.0,295732.0,113723.0,330729.0,140935.0,139066.0,515895.0,167067.0,185513.0,220220.0,255671.0,126557.0,186480.0,242232.0,235113.0,495310.0,254216.0,223707.0,163127.0,120070.0,175491.0,145828.0,227113.0,150803.0,233947.0,117523.0,133378.0,254096.0,246994.0,210458.0,114517.0,92122.0,107663.0,113816.0,272311.0,215530.0,168537.0,187723.0,108496.0,105088.0,124261.0,163038.0,153131.0,197790.0
2013-11-01,398199.0,167423.0,123342.0,243652.0,148903.0,157100.0,248280.0,184445.0,296922.0,114775.0,332380.0,142204.0,139824.0,521286.0,167785.0,188691.0,221138.0,257233.0,126728.0,187555.0,244335.0,236402.0,499828.0,255557.0,224414.0,163346.0,120214.0,176235.0,146334.0,227004.0,151360.0,234741.0,117765.0,133529.0,254780.0,247445.0,211008.0,114820.0,92484.0,107699.0,113964.0,274229.0,216370.0,168633.0,187332.0,108566.0,104999.0,124339.0,163417.0,153371.0,199164.0
2013-12-01,403481.0,169387.0,123607.0,244402.0,149859.0,157681.0,248871.0,185893.0,297880.0,115871.0,333419.0,143537.0,140467.0,527405.0,168752.0,190892.0,221955.0,259048.0,126999.0,188535.0,246493.0,236978.0,504258.0,256973.0,225260.0,163515.0,120403.0,176835.0,146641.0,227029.0,151849.0,234928.0,118088.0,133707.0,255545.0,247418.0,211591.0,115076.0,92719.0,107650.0,114159.0,275556.0,217132.0,169833.0,187005.0,108595.0,105072.0,124524.0,163783.0,153678.0,200370.0
2014-01-01,408896.0,171187.0,123793.0,245473.0,150788.0,158210.0,249472.0,187661.0,298989.0,117079.0,334582.0,144725.0,141092.0,530894.0,169332.0,192847.0,222810.0,260675.0,127153.0,189795.0,248823.0,237709.0,508997.0,258743.0,225634.0,163763.0,120552.0,177201.0,146988.0,227102.0,152444.0,235881.0,118449.0,133637.0,256124.0,247383.0,212281.0,115039.0,92778.0,107686.0,114242.0,276789.0,218425.0,170757.0,186604.0,108908.0,105146.0,124791.0,164169.0,154081.0,201229.0
2014-02-01,413548.0,172732.0,123955.0,246205.0,151791.0,158825.0,250096.0,190234.0,299690.0,118211.0,335590.0,145868.0,141533.0,533577.0,170403.0,194739.0,223608.0,262449.0,127418.0,191467.0,250518.0,238379.0,514364.0,260772.0,226168.0,164044.0,120636.0,178079.0,147569.0,227190.0,152988.0,236467.0,118798.0,133913.0,256741.0,247599.0,212962.0,114945.0,92765.0,107864.0,114435.0,277932.0,219311.0,171494.0,186354.0,109265.0,105316.0,125210.0,164458.0,154457.0,202205.0
2014-03-01,416030.0,174038.0,123908.0,246835.0,152717.0,159281.0,250872.0,191000.0,301108.0,119214.0,337261.0,146844.0,141904.0,534691.0,170988.0,196183.0,224645.0,263869.0,127724.0,193590.0,251761.0,239579.0,520652.0,261928.0,226501.0,164341.0,120729.0,179095.0,148417.0,227190.0,153404.0,238212.0,119209.0,134519.0,257327.0,247529.0,213735.0,114870.0,92806.0,108183.0,114544.0,278753.0,220005.0,171644.0,186269.0,109635.0,105423.0,125784.0,164931.0,154898.0,202870.0
2014-04-01,416958.0,174985.0,123983.0,247113.0,153557.0,159652.0,251657.0,190831.0,302446.0,120147.0,338999.0,147816.0,142165.0,536636.0,171346.0,197126.0,225595.0,265319.0,128213.0,195388.0,252967.0,239995.0,525504.0,262891.0,227386.0,164553.0,120961.0,180148.0,149041.0,227373.0,153590.0,239661.0,119705.0,135627.0,257838.0,247434.0,214428.0,114990.0,92988.0,108470.0,114843.0,279743.0,220279.0,171730.0,187044.0,109889.0,105661.0,126452.0,165456.0,155291.0,203880.0
2014-05-01,417294.0,175898.0,124088.0,247357.0,154404.0,159912.0,252386.0,190710.0,303831.0,121104.0,340592.0,148726.0,142515.0,538896.0,171928.0,197619.0,226436.0,266743.0,128880.0,196577.0,253810.0,240463.0,528086.0,263523.0,228248.0,164719.0,121312.0,180834.0,149512.0,227491.0,153810.0,241243.0,120130.0,136411.0,257819.0,246883.0,215180.0,115236.0,93159.0,108691.0,115107.0,279848.0,221392.0,171797.0,188171.0,110211.0,105914.0,127044.0,166154.0,155337.0,204990.0
2014-06-01,417842.0,176635.0,124407.0,247572.0,155386.0,160092.0,253015.0,191031.0,304627.0,122154.0,341568.0,149532.0,142909.0,542596.0,172790.0,198288.0,227338.0,268212.0,129545.0,197053.0,255091.0,240668.0,529091.0,265182.0,229178.0,164963.0,121673.0,181375.0,149883.0,227827.0,154123.0,241985.0,120511.0,136946.0,257475.0,246725.0,215916.0,115580.0,93245.0,108825.0,115514.0,280009.0,222539.0,171405.0,189230.0,110462.0,106139.0,127426.0,166690.0,155261.0,206453.0
2014-07-01,418307.0,177481.0,124773.0,247813.0,156271.0,160236.0,253391.0,191156.0,304996.0,123006.0,342210.0,150322.0,143303.0,546192.0,173496.0,199485.0,228589.0,269776.0,130055.0,197126.0,256156.0,240751.0,531557.0,266444.0,229771.0,165200.0,121976.0,181464.0,150366.0,228067.0,154535.0,241600.0,120896.0,137268.0,257802.0,246402.0,216747.0,115929.0,93321.0,108865.0,115879.0,279711.0,223261.0,171072.0,189761.0,110757.0,106445.0,127667.0,167204.0,155185.0,207601.0
2014-08-01,418103.0,178076.0,125119.0,247907.0,157107.0,160291.0,253712.0,191343.0,304972.0,123559.0,342714.0,150979.0,143604.0,549588.0,173730.0,200247.0,229628.0,270953.0,130391.0,196851.0,257473.0,240971.0,533253.0,267430.0,230033.0,165319.0,122253.0,181232.0,150496.0,228253.0,154907.0,240775.0,121269.0,137527.0,258531.0,245502.0,217435.0,116059.0,93452.0,108946.0,116056.0,279606.0,223555.0,170461.0,189674.0,110992.0,106769.0,127749.0,167631.0,155380.0,209050.0
2014-09-01,418798.0,178895.0,125442.0,247986.0,157886.0,160427.0,253986.0,191199.0,304557.0,123805.0,342849.0,151668.0,143883.0,551466.0,174020.0,200300.0,230535.0,272427.0,130621.0,196451.0,258749.0,240959.0,533990.0,267924.0,230086.0,165318.0,122430.0,181093.0,150397.0,228207.0,155285.0,240130.0,121581.0,137663.0,259351.0,244446.0,218205.0,116175.0,93761.0,109114.0,116176.0,279527.0,223834.0,170440.0,189520.0,111273.0,107118.0,127837.0,168111.0,155651.0,210242.0
2014-10-01,420429.0,180037.0,125695.0,248173.0,158771.0,160595.0,254281.0,191528.0,304054.0,124024.0,342760.0,152308.0,144121.0,552498.0,174251.0,201117.0,230872.0,274245.0,130847.0,195986.0,260220.0,241604.0,533431.0,269041.0,230374.0,165304.0,122626.0,181150.0,150276.0,228211.0,155639.0,239837.0,121836.0,137779.0,260173.0,243621.0,218778.0,116190.0,94098.0,109382.0,116225.0,279625.0,224041.0,170392.0,189247.0,111706.0,107485.0,127888.0,168565.0,155927.0,212462.0
2014-11-01,423185.0,181233.0,126028.0,248456.0,159776.0,160945.0,254582.0,192337.0,303532.0,124377.0,343034.0,153041.0,144397.0,554028.0,174658.0,202013.0,231329.0,276621.0,131089.0,195853.0,261722.0,242418.0,534866.0,270503.0,230965.0,165356.0,122859.0,181426.0,150487.0,228235.0,155903.0,240034.0,122136.0,137921.0,260699.0,243289.0,219547.0,116427.0,94433.0,109674.0,116401.0,279933.0,224283.0,170994.0,188999.0,112061.0,107902.0,127990.0,169013.0,156475.0,213400.0
2014-12-01,425666.0,182505.0,126341.0,248742.0,160877.0,161326.0,255002.0,193354.0,303267.0,124775.0,344315.0,153777.0,144791.0,555283.0,175088.0,204120.0,231884.0,279265.0,131314.0,196199.0,263155.0,243158.0,536243.0,272524.0,231569.0,165535.0,123083.0,182040.0,150903.0,228400.0,156169.0,240324.0,122445.0,138301.0,261882.0,242975.0,220323.0,116754.0,94648.0,109942.0,116673.0,280174.0,224521.0,171351.0,188803.0,112388.0,108412.0,128098.0,169371.0,156804.0,214386.0
2015-01-01,428296.0,183604.0,126712.0,248807.0,162028.0,161831.0,255372.0,193907.0,303423.0,125311.0,346450.0,154512.0,145305.0,557050.0,175485.0,205397.0,232497.0,282199.0,131343.0,196791.0,264660.0,244121.0,533776.0,274816.0,232122.0,165695.0,123302.0,182893.0,151310.0,228540.0,156473.0,241155.0,122660.0,138752.0,262777.0,242830.0,221142.0,117272.0,94711.0,110205.0,117128.0,280176.0,225222.0,171385.0,188458.0,112689.0,108931.0,128400.0,169937.0,157062.0,214537.0
2015-02-01,431104.0,184787.0,127032.0,249150.0,163192.0,162387.0,255662.0,194311.0,304140.0,125960.0,348401.0,155175.0,145839.0,557542.0,175972.0,206990.0,233486.0,285323.0,131471.0,198202.0,266451.0,245029.0,531427.0,276707.0,232582.0,165862.0,123478.0,184146.0,151873.0,228947.0,156989.0,241838.0,122859.0,139553.0,263454.0,242921.0,221865.0,117832.0,94839.0,110428.0,117495.0,280260.0,226109.0,171239.0,188943.0,113170.0,109427.0,128744.0,170597.0,157219.0,215613.0
2015-03-01,434165.0,185726.0,127478.0,249514.0,164381.0,163069.0,255839.0,195778.0,304519.0,126793.0,349828.0,155800.0,146364.0,558785.0,176687.0,208071.0,234318.0,288341.0,131744.0,199663.0,268469.0,246667.0,528983.0,278768.0,233454.0,166164.0,123783.0,185210.0,152228.0,229489.0,157663.0,242336.0,123044.0,140401.0,263647.0,243569.0,222433.0,118382.0,94989.0,110614.0,117936.0,280747.0,226788.0,171288.0,189924.0,113742.0,109820.0,129226.0,171400.0,157674.0,216902.0
2015-04-01,436313.0,186609.0,127992.0,249781.0,165550.0,163643.0,256311.0,197382.0,305095.0,127647.0,350319.0,156561.0,146877.0,559679.0,177621.0,209524.0,235518.0,291114.0,132389.0,201225.0,270220.0,248468.0,529924.0,280568.0,234807.0,166668.0,124063.0,186578.0,152916.0,229981.0,158406.0,242414.0,123459.0,141308.0,264722.0,244017.0,222989.0,118903.0,95288.0,110807.0,118358.0,281022.0,227728.0,171910.0,191043.0,114237.0,110216.0,129683.0,172183.0,158097.0,218561.0
2015-05-01,438613.0,187539.0,128561.0,250055.0,166639.0,164114.0,256930.0,198903.0,305495.0,128362.0,351154.0,157513.0,147538.0,562082.0,178386.0,211578.0,236561.0,293907.0,133020.0,201978.0,272112.0,250211.0,529957.0,282952.0,236737.0,167258.0,124297.0,187742.0,153361.0,230201.0,159020.0,242472.0,123853.0,142101.0,266562.0,244591.0,223534.0,119471.0,95531.0,110917.0,118836.0,281322.0,227942.0,172372.0,191984.0,114566.0,110551.0,130232.0,172922.0,158504.0,220514.0
2015-06-01,440267.0,188576.0,129168.0,250172.0,167733.0,164552.0,257737.0,199609.0,305967.0,129011.0,351824.0,158468.0,148125.0,563539.0,178506.0,213419.0,237815.0,296523.0,133662.0,202370.0,274056.0,251693.0,530580.0,284813.0,238214.0,167589.0,124450.0,189032.0,153726.0,230272.0,159586.0,243284.0,124296.0,142855.0,268315.0,244628.0,224147.0,119998.0,95711.0,111122.0,119231.0,280966.0,228742.0,172782.0,192762.0,114868.0,110972.0,130706.0,173709.0,158857.0,222301.0
2015-07-01,440944.0,189561.0,129655.0,250339.0,168731.0,165102.0,258492.0,200762.0,305961.0,129522.0,353171.0,159201.0,148718.0,566081.0,178625.0,214440.0,238618.0,299137.0,134171.0,202720.0,276240.0,253409.0,532172.0,286542.0,239344.0,167715.0,124652.0,189884.0,153816.0,230270.0,160100.0,244322.0,124509.0,143475.0,268968.0,244768.0,224891.0,120475.0,95864.0,111364.0,119531.0,280797.0,229111.0,173175.0,193807.0,115120.0,111335.0,131162.0,174476.0,159323.0,223518.0
2015-08-01,442255.0,190720.0,130068.0,250479.0,169548.0,165724.0,259152.0,201826.0,305744.0,129971.0,354284.0,159831.0,149259.0,566692.0,178543.0,215476.0,239331.0,301758.0,134645.0,203098.0,278662.0,255514.0,534163.0,288672.0,239687.0,167829.0,124845.0,190902.0,153862.0,230251.0,160532.0,245058.0,124737.0,144096.0,268704.0,244605.0,225731.0,120840.0,95999.0,111675.0,119899.0,280322.0,230036.0,173673.0,194682.0,115352.0,111651.0,131554.0,175285.0,159593.0,223867.0
2015-09-01,444478.0,192009.0,130355.0,250758.0,170269.0,166257.0,259737.0,203233.0,305665.0,130219.0,355540.0,160465.0,149931.0,568116.0,178613.0,217006.0,239526.0,304632.0,135078.0,203620.0,280914.0,257714.0,537737.0,290799.0,239889.0,168037.0,125079.0,191752.0,154023.0,229947.0,160925.0,244937.0,124975.0,144579.0,268372.0,244633.0,226332.0,121150.0,96328.0,111961.0,120265.0,280373.0,230457.0,173890.0,194989.0,115513.0,111870.0,131884.0,175729.0,160008.0,223932.0
2015-10-01,448273.0,193400.0,130728.0,251077.0,171157.0,166737.0,260153.0,204056.0,305624.0,130432.0,356873.0,161105.0,150677.0,569887.0,178629.0,218125.0,240046.0,307574.0,135503.0,204079.0,283246.0,259492.0,541965.0,293121.0,239875.0,168315.0,125201.0,192648.0,154329.0,229743.0,161442.0,244982.0,125189.0,145162.0,268336.0,244142.0,226840.0,121419.0,96625.0,112213.0,120540.0,280439.0,230760.0,173726.0,195012.0,115425.0,112036.0,132188.0,176102.0,160400.0,224132.0
2015-11-01,451304.0,194692.0,131105.0,251358.0,172109.0,167147.0,260586.0,204695.0,305863.0,130822.0,357834.0,161823.0,151575.0,571806.0,178804.0,218798.0,240532.0,310532.0,135825.0,204885.0,285558.0,260837.0,545205.0,295557.0,240177.0,168567.0,125322.0,193502.0,154892.0,229565.0,162076.0,245468.0,125472.0,145747.0,269028.0,243474.0,227248.0,121735.0,96936.0,112531.0,120795.0,280377.0,230926.0,173225.0,195085.0,115343.0,112141.0,132565.0,176419.0,160724.0,224885.0
2015-12-01,455460.0,196198.0,131503.0,251724.0,173179.0,167540.0,260880.0,205350.0,305973.0,131500.0,358485.0,162607.0,152333.0,572423.0,179394.0,219643.0,241352.0,313530.0,136291.0,205927.0,288372.0,262186.0,547470.0,298368.0,241194.0,168830.0,125525.0,194676.0,155578.0,229370.0,162732.0,246471.0,125763.0,146128.0,270156.0,243191.0,227848.0,122041.0,97091.0,112821.0,121046.0,280971.0,231229.0,173112.0,196067.0,115358.0,112238.0,132949.0,177069.0,161085.0,225701.0
2016-01-01,459350.0,197697.0,131863.0,252247.0,174248.0,167985.0,261173.0,207032.0,305817.0,132292.0,359708.0,163534.0,153094.0,573469.0,180205.0,221246.0,241751.0,316203.0,136712.0,207454.0,291371.0,263823.0,547989.0,301101.0,241879.0,169233.0,125775.0,196476.0,156250.0,229183.0,163313.0,248214.0,126168.0,146462.0,271420.0,243566.0,228272.0,122461.0,97285.0,113129.0,121411.0,281548.0,231754.0,173286.0,197009.0,115668.0,112347.0,133307.0,177760.0,161309.0,226429.0
2016-02-01,462760.0,199243.0,132333.0,252365.0,175283.0,168532.0,261707.0,208522.0,305846.0,133131.0,361794.0,164416.0,153803.0,575148.0,181659.0,222942.0,242068.0,318995.0,137315.0,209152.0,293704.0,265504.0,549956.0,304362.0,242205.0,169805.0,126107.0,198079.0,156932.0,229416.0,163795.0,250830.0,126544.0,146665.0,272535.0,244056.0,228711.0,122886.0,97446.0,113458.0,121901.0,282517.0,232676.0,173826.0,197759.0,116097.0,112494.0,133715.0,178407.0,161614.0,226951.0
2016-03-01,464540.0,200384.0,132756.0,252531.0,176193.0,169018.0,262470.0,209732.0,306070.0,133786.0,363869.0,165395.0,154605.0,576942.0,182816.0,223958.0,242496.0,321773.0,137843.0,210793.0,295988.0,267070.0,551358.0,307397.0,242324.0,170206.0,126429.0,199599.0,157449.0,230163.0,164304.0,252584.0,126842.0,146978.0,272752.0,244382.0,229072.0,123477.0,97647.0,113844.0,122448.0,282978.0,233401.0,174733.0,198109.0,116513.0,112674.0,134214.0,179342.0,161657.0,227490.0
2016-04-01,466856.0,201617.0,133175.0,252888.0,177096.0,169625.0,263431.0,210623.0,306782.0,134812.0,366098.0,166431.0,155333.0,577959.0,183698.0,225672.0,243277.0,324775.0,138439.0,212031.0,298589.0,268464.0,553993.0,310419.0,243199.0,170544.0,126875.0,200568.0,158114.0,230957.0,164847.0,254017.0,127222.0,147342.0,272423.0,244109.0,229392.0,124072.0,97849.0,114218.0,123096.0,283983.0,234246.0,175609.0,199335.0,116901.0,112895.0,134715.0,180426.0,161872.0,227841.0
2016-05-01,469096.0,202739.0,133605.0,253587.0,178149.0,170336.0,264388.0,211627.0,307391.0,135843.0,368107.0,167409.0,155934.0,579884.0,184132.0,227189.0,244041.0,327216.0,139078.0,212666.0,301765.0,270371.0,556024.0,312726.0,244645.0,170723.0,127202.0,202034.0,158824.0,231416.0,165534.0,254792.0,127686.0,147889.0,271849.0,244061.0,229613.0,124609.0,98060.0,114606.0,123685.0,285097.0,234723.0,176512.0,200438.0,117256.0,113148.0,135190.0,181612.0,162216.0,227935.0
2016-06-01,471474.0,204060.0,134049.0,254174.0,179172.0,171230.0,265239.0,212463.0,307962.0,136924.0,370086.0,168145.0,156483.0,582986.0,184476.0,229419.0,244427.0,329297.0,139745.0,213231.0,304643.0,272303.0,557896.0,315037.0,246017.0,171174.0,127499.0,203411.0,159746.0,231772.0,166189.0,255692.0,128333.0,148632.0,271366.0,243814.0,229751.0,125055.0,98161.0,114986.0,124360.0,285697.0,235865.0,177051.0,201569.0,117602.0,113470.0,135621.0,182430.0,162703.0,228018.0
2016-07-01,472095.0,205368.0,134508.0,254636.0,180165.0,172070.0,266013.0,212921.0,308355.0,137716.0,370937.0,168716.0,157194.0,587057.0,184949.0,231091.0,245064.0,331370.0,140445.0,213951.0,307528.0,274466.0,559434.0,317496.0,246920.0,171575.0,127681.0,204818.0,160430.0,232237.0,166781.0,256441.0,129065.0,149468.0,271298.0,243904.0,229887.0,125472.0,98240.0,115342.0,124928.0,286217.0,236999.0,177537.0,202034.0,117938.0,113789.0,136065.0,183177.0,163159.0,228297.0
2016-08-01,473707.0,206672.0,134934.0,255142.0,180930.0,172862.0,266812.0,213711.0,308474.0,138335.0,371497.0,169197.0,157928.0,591600.0,185289.0,232431.0,245952.0,333456.0,141055.0,214988.0,309951.0,275936.0,560879.0,319580.0,247723.0,172058.0,127957.0,205972.0,161238.0,232620.0,167499.0,257056.0,129774.0,150331.0,270874.0,243603.0,229766.0,125917.0,98305.0,115629.0,125465.0,286317.0,238075.0,177478.0,202837.0,118239.0,114167.0,136444.0,183919.0,163575.0,228285.0
2016-09-01,475554.0,207843.0,135397.0,255759.0,181752.0,173710.0,267570.0,214861.0,308592.0,139100.0,372957.0,169642.0,158821.0,596788.0,185664.0,233683.0,246949.0,335458.0,141684.0,215878.0,312347.0,277686.0,562689.0,321746.0,248662.0,172394.0,128208.0,207576.0,162079.0,232954.0,168301.0,258910.0,130442.0,151187.0,271125.0,243159.0,229573.0,126387.0,98492.0,115921.0,125916.0,287423.0,238636.0,177611.0,203908.0,118559.0,114518.0,136721.0,184831.0,164058.0,228303.0
2016-10-01,479177.0,209003.0,135869.0,256384.0,182615.0,174567.0,268443.0,216384.0,308872.0,139881.0,374565.0,170300.0,159706.0,600825.0,186138.0,233873.0,247701.0,337463.0,142381.0,216848.0,314459.0,279201.0,563687.0,323722.0,249861.0,172791.0,128569.0,209225.0,163073.0,233204.0,169197.0,260145.0,131027.0,152074.0,271366.0,243178.0,229416.0,126873.0,98676.0,116248.0,126404.0,288314.0,239436.0,178199.0,204899.0,118981.0,114767.0,136996.0,185674.0,164404.0,228378.0
2016-11-01,482052.0,210357.0,136399.0,257204.0,183823.0,175498.0,269391.0,217871.0,309241.0,140669.0,376961.0,171132.0,160769.0,603265.0,186979.0,234745.0,248431.0,339949.0,143149.0,217866.0,316508.0,281316.0,567493.0,326526.0,250878.0,173251.0,128987.0,210872.0,163936.0,233546.0,169999.0,261398.0,131517.0,152831.0,271878.0,243945.0,229553.0,127455.0,98830.0,116614.0,126916.0,289565.0,240242.0,179311.0,206075.0,119392.0,114998.0,137340.0,186571.0,164674.0,228873.0
2016-12-01,484623.0,211797.0,136995.0,258157.0,185185.0,176467.0,270519.0,218782.0,309653.0,141442.0,378570.0,172216.0,161819.0,604940.0,188126.0,233722.0,249499.0,342686.0,143786.0,219082.0,319216.0,283472.0,571448.0,329812.0,251762.0,173989.0,129460.0,212273.0,164885.0,234021.0,170722.0,261842.0,131919.0,153552.0,271995.0,244910.0,229564.0,128122.0,98913.0,117017.0,127453.0,290477.0,241324.0,180278.0,206879.0,119836.0,115237.0,137844.0,187461.0,164837.0,229475.0
2017-01-01,487546.0,213126.0,137611.0,259193.0,186389.0,177387.0,271594.0,219741.0,310264.0,142388.0,380321.0,173090.0,162689.0,606757.0,189490.0,233987.0,250583.0,345628.0,144449.0,220346.0,321873.0,285570.0,577151.0,333315.0,252778.0,174498.0,129746.0,213157.0,165892.0,234410.0,171150.0,262378.0,132272.0,154177.0,271892.0,245864.0,229517.0,128854.0,98890.0,117418.0,127964.0,291672.0,242287.0,180454.0,207714.0,120052.0,115548.0,138465.0,188347.0,165183.0,229597.0
2017-02-01,490555.0,214272.0,138230.0,260273.0,187546.0,178218.0,272347.0,221033.0,310919.0,143496.0,381441.0,174024.0,163428.0,608509.0,190721.0,234521.0,251662.0,348679.0,145222.0,221837.0,324972.0,287543.0,582217.0,336946.0,254664.0,174959.0,129988.0,214399.0,166940.0,234702.0,171735.0,263125.0,132788.0,155099.0,271649.0,246278.0,229424.0,129593.0,98947.0,117817.0,128491.0,292831.0,243025.0,180564.0,208454.0,120298.0,115806.0,139094.0,189220.0,165409.0,229620.0
2017-03-01,493555.0,215335.0,138868.0,261150.0,188441.0,179078.0,273073.0,222703.0,312214.0,144726.0,382815.0,174866.0,164351.0,610747.0,191998.0,237352.0,252760.0,351751.0,146054.0,223521.0,327432.0,289822.0,585335.0,340426.0,256496.0,175425.0,130249.0,215487.0,167895.0,235111.0,172267.0,264359.0,133486.0,156251.0,271302.0,246951.0,229474.0,130355.0,99009.0,118254.0,129141.0,293784.0,243109.0,180570.0,209183.0,120491.0,116045.0,139728.0,190036.0,165849.0,229288.0
2017-04-01,496054.0,216707.0,139542.0,262000.0,189407.0,180008.0,274018.0,224003.0,313397.0,146015.0,384929.0,175829.0,165520.0,612752.0,192962.0,239844.0,254089.0,354488.0,146840.0,225393.0,329821.0,292258.0,585530.0,344072.0,258372.0,176215.0,130641.0,217523.0,168906.0,235634.0,173194.0,266883.0,134363.0,157532.0,271353.0,247706.0,229691.0,131177.0,99236.0,118642.0,129895.0,294719.0,242481.0,181249.0,210485.0,120889.0,116362.0,140348.0,190933.0,166254.0,228948.0
2017-05-01,499025.0,218046.0,139997.0,262509.0,190202.0,180898.0,275380.0,225142.0,315102.0,147364.0,387355.0,176780.0,166735.0,617550.0,193713.0,242364.0,255280.0,356714.0,147397.0,227023.0,331471.0,294610.0,583360.0,347291.0,259387.0,177054.0,131020.0,219227.0,169788.0,236592.0,173933.0,269544.0,135230.0,158494.0,271706.0,248704.0,229744.0,131957.0,99464.0,119045.0,130709.0,295232.0,241682.0,181918.0,211963.0,121270.0,116690.0,140898.0,192009.0,166774.0,229133.0
2017-06-01,502380.0,219411.0,140318.0,263130.0,191062.0,181683.0,276999.0,226313.0,315900.0,148479.0,390193.0,177800.0,167887.0,621552.0,193960.0,245333.0,256499.0,358688.0,147962.0,228299.0,332754.0,296909.0,582220.0,350237.0,260645.0,177732.0,131284.0,221169.0,170676.0,237634.0,174754.0,272093.0,136030.0,159341.0,272412.0,249371.0,229927.0,132646.0,99700.0,119384.0,131477.0,295809.0,241376.0,182618.0,213738.0,121605.0,117001.0,141401.0,193126.0,167030.0,229631.0
2017-07-01,503933.0,220551.0,140631.0,263588.0,191741.0,182358.0,278463.0,227874.0,316832.0,149154.0,392761.0,178924.0,169005.0,625391.0,194204.0,248808.0,257543.0,360262.0,148497.0,229192.0,333860.0,299250.0,582915.0,353144.0,261988.0,178328.0,131608.0,222931.0,171445.0,238613.0,175456.0,273825.0,136680.0,160116.0,272930.0,250215.0,230171.0,133199.0,99949.0,119908.0,132229.0,295812.0,241278.0,183212.0,215458.0,121825.0,117260.0,141829.0,194198.0,167335.0,230391.0
2017-08-01,505651.0,221856.0,141106.0,264281.0,192439.0,183129.0,279786.0,228874.0,317597.0,149705.0,394347.0,179980.0,170075.0,626034.0,194488.0,251558.0,258310.0,361804.0,149151.0,229822.0,335288.0,301754.0,583387.0,355859.0,263445.0,178940.0,132020.0,224700.0,172248.0,239872.0,176168.0,274712.0,137395.0,160927.0,273185.0,250953.0,230810.0,133839.0,100255.0,120427.0,132901.0,296167.0,241896.0,183765.0,216623.0,122073.0,117523.0,142289.0,195061.0,167630.0,230302.0
2017-09-01,508021.0,223120.0,141736.0,264976.0,193203.0,184004.0,280976.0,230248.0,318685.0,150312.0,396094.0,181361.0,171040.0,628358.0,195077.0,254801.0,259169.0,363658.0,149977.0,230561.0,336649.0,303632.0,585705.0,358429.0,264735.0,179650.0,132586.0,226775.0,172946.0,241234.0,176833.0,275292.0,138050.0,161774.0,273844.0,251750.0,231666.0,134537.0,100755.0,120921.0,133549.0,296862.0,242672.0,184297.0,217481.0,122464.0,117884.0,142722.0,195829.0,168101.0,230253.0
2017-10-01,512221.0,224444.0,142426.0,265892.0,194185.0,185099.0,282217.0,231482.0,319632.0,151044.0,397349.0,182684.0,171976.0,631421.0,195737.0,258348.0,260080.0,365966.0,150804.0,231298.0,338217.0,305365.0,589071.0,361246.0,266060.0,180455.0,133056.0,228633.0,173628.0,242730.0,177483.0,276294.0,138884.0,162783.0,274506.0,252404.0,232570.0,135342.0,101329.0,121321.0,134067.0,298101.0,243847.0,184461.0,218057.0,123017.0,118268.0,143125.0,196429.0,168484.0,230089.0
2017-11-01,516541.0,225702.0,143257.0,266809.0,195227.0,186181.0,283528.0,232813.0,320693.0,151940.0,399602.0,184165.0,173017.0,634784.0,196555.0,262457.0,261590.0,368341.0,151544.0,232542.0,340121.0,307214.0,592008.0,364196.0,267906.0,181197.0,133459.0,230910.0,174439.0,243839.0,178197.0,278596.0,139684.0,163859.0,274871.0,253458.0,233401.0,136060.0,101927.0,121745.0,134666.0,299655.0,244774.0,184864.0,218765.0,123592.0,118706.0,143595.0,197039.0,168949.0,230475.0
2017-12-01,520836.0,227113.0,144145.0,267544.0,196251.0,187319.0,284694.0,233676.0,321872.0,152886.0,401382.0,185643.0,174104.0,636445.0,197562.0,266219.0,262918.0,371248.0,152214.0,234145.0,342400.0,309700.0,594465.0,368130.0,269750.0,182007.0,134008.0,232888.0,175641.0,244899.0,178928.0,280964.0,140522.0,164876.0,274581.0,254220.0,234224.0,136761.0,102335.0,122263.0,135273.0,301097.0,245347.0,185130.0,219406.0,124127.0,119023.0,144179.0,197505.0,169580.0,230673.0
2018-01-01,525570.0,228174.0,144990.0,268422.0,197248.0,188437.0,286026.0,235063.0,323185.0,154214.0,403689.0,187154.0,175143.0,638352.0,198713.0,268871.0,263931.0,373845.0,152954.0,236052.0,344737.0,312180.0,595674.0,372375.0,271498.0,182912.0,134523.0,235272.0,177004.0,245860.0,179884.0,283075.0,141185.0,165688.0,273881.0,254617.0,234996.0,137278.0,102697.0,122736.0,136027.0,301927.0,245769.0,185472.0,220410.0,124548.0,119342.0,144617.0,197977.0,170479.0,231092.0
2018-02-01,530703.0,229330.0,145691.0,269101.0,198250.0,189627.0,287414.0,237033.0,324746.0,155670.0,406249.0,188646.0,176301.0,640867.0,199748.0,272215.0,264926.0,376469.0,153761.0,238026.0,347279.0,315116.0,600537.0,377176.0,272436.0,183848.0,135073.0,237670.0,178388.0,246511.0,180902.0,284505.0,141884.0,166513.0,273447.0,254604.0,235852.0,137980.0,103032.0,123289.0,136779.0,302870.0,247069.0,186037.0,221859.0,124725.0,119695.0,145009.0,198445.0,171293.0,231040.0
2018-03-01,535109.0,230594.0,146233.0,270108.0,199287.0,190667.0,288949.0,239087.0,326277.0,157088.0,408865.0,189863.0,177392.0,643858.0,200406.0,274373.0,266029.0,378709.0,154631.0,239816.0,349862.0,317873.0,600230.0,381522.0,273744.0,185125.0,135534.0,240130.0,179718.0,246902.0,182179.0,286470.0,142753.0,167206.0,273184.0,255027.0,236625.0,138814.0,103324.0,123767.0,137451.0,303663.0,248966.0,187122.0,223387.0,124881.0,120022.0,145344.0,199140.0,171557.0,231328.0
2018-04-01,538550.0,232111.0,146751.0,270830.0,200358.0,191580.0,290355.0,240822.0,328255.0,158373.0,410781.0,191133.0,178511.0,645405.0,200792.0,277525.0,267703.0,381429.0,155492.0,241407.0,351792.0,320755.0,600930.0,385131.0,275191.0,186231.0,136087.0,242593.0,180909.0,247497.0,183241.0,288030.0,143742.0,168037.0,273237.0,255479.0,237505.0,139894.0,103554.0,124327.0,138023.0,305112.0,250929.0,188462.0,224345.0,124974.0,120342.0,145890.0,199931.0,171455.0,231254.0
2018-05-01,541307.0,233622.0,147305.0,271741.0,201355.0,192499.0,291635.0,242305.0,329559.0,159494.0,412416.0,192386.0,179513.0,646701.0,201137.0,280161.0,269566.0,384029.0,156322.0,242520.0,353222.0,323207.0,600238.0,387779.0,276820.0,187308.0,136695.0,245394.0,182011.0,248467.0,184179.0,289496.0,144688.0,168956.0,273797.0,255956.0,238159.0,140901.0,103680.0,124765.0,138535.0,306166.0,251941.0,189541.0,225171.0,125215.0,120670.0,146436.0,201049.0,171182.0,231356.0
2018-06-01,544073.0,234939.0,147841.0,272492.0,202342.0,193497.0,292854.0,243646.0,330706.0,160597.0,414250.0,193628.0,180551.0,648138.0,201415.0,284068.0,271495.0,386295.0,157039.0,243323.0,354544.0,325294.0,604211.0,389397.0,278267.0,187884.0,137349.0,248726.0,182757.0,248776.0,184954.0,290328.0,145617.0,170008.0,274436.0,256392.0,238796.0,141710.0,103742.0,125159.0,139116.0,307117.0,252375.0,190272.0,226327.0,125357.0,121114.0,146780.0,202089.0,171184.0,230944.0
2018-07-01,545819.0,236177.0,148210.0,273293.0,203187.0,194637.0,294145.0,245065.0,331201.0,161473.0,416136.0,194880.0,181599.0,650458.0,201718.0,287472.0,273144.0,388160.0,157762.0,243977.0,356062.0,327839.0,607222.0,390425.0,279338.0,188433.0,138081.0,252037.0,183455.0,249490.0,185768.0,291453.0,146644.0,170891.0,275246.0,256828.0,239433.0,142447.0,103756.0,125511.0,139723.0,307887.0,252769.0,190481.0,227756.0,125548.0,121565.0,147122.0,203205.0,171153.0,230771.0
2018-08-01,547231.0,237301.0,148587.0,274003.0,204155.0,195707.0,295527.0,246498.0,331597.0,162230.0,417573.0,196093.0,182569.0,653132.0,201906.0,291145.0,273929.0,389949.0,158534.0,244971.0,357410.0,330180.0,609363.0,391396.0,280724.0,188952.0,138734.0,254718.0,184078.0,249821.0,186606.0,292795.0,147624.0,171753.0,275588.0,257387.0,240047.0,142973.0,103751.0,125827.0,140254.0,308275.0,253193.0,190856.0,229129.0,125743.0,121925.0,147489.0,204117.0,171336.0,230635.0
2018-09-01,548135.0,238413.0,149072.0,274694.0,205000.0,196790.0,296986.0,248269.0,332227.0,162965.0,418494.0,197391.0,183566.0,654611.0,202378.0,293560.0,274629.0,391914.0,159167.0,245989.0,358428.0,332782.0,612199.0,393067.0,281780.0,189584.0,139338.0,257229.0,184876.0,250819.0,187504.0,294045.0,148468.0,172561.0,275558.0,257563.0,240737.0,143483.0,103978.0,126239.0,140703.0,308670.0,253703.0,191326.0,230232.0,126020.0,122353.0,147978.0,205121.0,171400.0,230514.0
2018-10-01,549901.0,239532.0,149664.0,275479.0,205934.0,197744.0,298298.0,249526.0,332984.0,163682.0,419418.0,198672.0,184572.0,655507.0,202785.0,295204.0,275263.0,394055.0,159802.0,247145.0,359543.0,335259.0,615289.0,394876.0,282783.0,190216.0,139857.0,259900.0,185713.0,251042.0,188304.0,294644.0,149068.0,173414.0,275602.0,257876.0,241240.0,143991.0,104184.0,126653.0,141109.0,309003.0,254428.0,192608.0,231067.0,126492.0,122787.0,148433.0,206185.0,171535.0,230211.0
2018-11-01,550974.0,240805.0,150405.0,276236.0,206761.0,198848.0,299545.0,250690.0,333832.0,164476.0,420094.0,199922.0,185524.0,654924.0,203366.0,296142.0,276575.0,396419.0,160394.0,248167.0,361179.0,337955.0,619086.0,396678.0,283391.0,190986.0,140494.0,263075.0,186502.0,251244.0,189147.0,294957.0,149846.0,174229.0,275889.0,257959.0,241835.0,144656.0,104494.0,127151.0,141319.0,309859.0,255733.0,193775.0,231913.0,127073.0,123270.0,148831.0,207160.0,171365.0,230000.0
2018-12-01,550828.0,242155.0,151113.0,277238.0,207742.0,199922.0,300658.0,251592.0,334568.0,165446.0,421146.0,201135.0,186444.0,654357.0,203845.0,297904.0,277917.0,398186.0,161204.0,249428.0,363131.0,340664.0,620998.0,397976.0,284346.0,191778.0,141009.0,265937.0,187350.0,251452.0,190003.0,295198.0,150744.0,175063.0,276306.0,258557.0,242357.0,145389.0,104758.0,127711.0,141690.0,310806.0,257273.0,195115.0,232750.0,127626.0,123690.0,149306.0,208111.0,171305.0,230228.0
2019-01-01,550195.0,243408.0,151811.0,278150.0,208889.0,201024.0,301784.0,252863.0,334890.0,166415.0,422039.0,202158.0,187433.0,655132.0,204240.0,299680.0,279689.0,399492.0,162094.0,250716.0,365208.0,343731.0,624127.0,399720.0,285556.0,192632.0,141538.0,268863.0,188033.0,252007.0,190839.0,295374.0,151877.0,175849.0,276732.0,258379.0,243122.0,146259.0,105146.0,128205.0,142180.0,312101.0,258920.0,196192.0,232777.0,128008.0,124038.0,149852.0,208900.0,171332.0,230850.0
2019-02-01,549307.0,244224.0,152332.0,279461.0,209966.0,201970.0,302856.0,254095.0,335323.0,167431.0,422433.0,203178.0,188387.0,657076.0,204842.0,301527.0,281416.0,400921.0,163049.0,251882.0,366600.0,346440.0,624943.0,400706.0,286608.0,193383.0,142040.0,271300.0,189188.0,252847.0,191653.0,295140.0,152693.0,176468.0,279086.0,258691.0,243948.0,147124.0,105552.0,128668.0,142921.0,312940.0,259777.0,196964.0,232865.0,128436.0,124496.0,150521.0,209631.0,171637.0,231499.0
2019-03-01,549133.0,244786.0,152791.0,280635.0,210696.0,202826.0,304070.0,255351.0,335903.0,168299.0,422372.0,204279.0,189351.0,659411.0,205274.0,302118.0,282932.0,402003.0,163787.0,252542.0,367347.0,348640.0,629277.0,401616.0,287374.0,193933.0,142544.0,273906.0,190329.0,253794.0,192221.0,295919.0,153446.0,177091.0,282125.0,258985.0,245370.0,148010.0,105950.0,129022.0,143504.0,313327.0,260328.0,197613.0,232861.0,128810.0,124950.0,151062.0,210284.0,171817.0,231617.0
2019-04-01,549869.0,245281.0,153213.0,281722.0,211135.0,203744.0,305031.0,256202.0,336815.0,169176.0,422468.0,205400.0,190186.0,659512.0,205739.0,303171.0,284241.0,402880.0,164315.0,253166.0,367314.0,349688.0,632047.0,401741.0,288018.0,194358.0,143016.0,275842.0,191533.0,254593.0,192846.0,296876.0,153993.0,177734.0,286840.0,259695.0,246897.0,148630.0,106342.0,129452.0,144124.0,313385.0,260361.0,198344.0,233825.0,129079.0,125519.0,151453.0,210973.0,171852.0,231753.0
2019-05-01,550924.0,245706.0,153581.0,282327.0,211553.0,204539.0,305863.0,256998.0,337820.0,170079.0,423010.0,206360.0,191036.0,659604.0,205851.0,303623.0,285183.0,402804.0,164760.0,253855.0,367104.0,350292.0,634916.0,402474.0,289272.0,194894.0,143480.0,277502.0,192128.0,255722.0,193378.0,297983.0,154740.0,178398.0,288407.0,260066.0,248647.0,149314.0,106711.0,129868.0,144812.0,313626.0,259793.0,199355.0,234705.0,129269.0,125954.0,151679.0,211715.0,172008.0,231886.0
2019-06-01,551823.0,246201.0,154010.0,282869.0,212032.0,205346.0,306347.0,257921.0,338412.0,170830.0,423800.0,206957.0,191756.0,660253.0,205876.0,303620.0,286381.0,402915.0,165166.0,254693.0,367151.0,351172.0,635104.0,402889.0,290476.0,195493.0,144053.0,278681.0,192536.0,257044.0,193986.0,298312.0,155350.0,179094.0,289660.0,259999.0,250032.0,149915.0,107025.0,130314.0,145545.0,314007.0,259059.0,200455.0,235888.0,129655.0,126405.0,152076.0,212392.0,172184.0,232399.0
2019-07-01,551785.0,246738.0,154494.0,283481.0,212538.0,206061.0,306655.0,259091.0,338911.0,171364.0,423870.0,207591.0,192340.0,661658.0,205898.0,302367.0,287210.0,403033.0,165531.0,255358.0,367099.0,352385.0,632930.0,403714.0,291587.0,196137.0,144693.0,280059.0,193010.0,258333.0,194635.0,299309.0,155968.0,179875.0,289446.0,259859.0,251517.0,150568.0,107324.0,130690.0,146208.0,314107.0,258404.0,201514.0,236900.0,130148.0,126760.0,152486.0,213010.0,172437.0,232919.0
2019-08-01,552207.0,247116.0,155023.0,284471.0,213171.0,206786.0,306829.0,260770.0,338820.0,171545.0,424197.0,208338.0,192969.0,662248.0,205929.0,300995.0,288600.0,403685.0,165776.0,255853.0,367639.0,354006.0,633256.0,404724.0,291933.0,196722.0,145275.0,282140.0,193682.0,259402.0,195242.0,299799.0,156595.0,180742.0,291056.0,259674.0,252885.0,151067.0,107619.0,131139.0,146843.0,314157.0,258105.0,202473.0,237905.0,130656.0,127080.0,152961.0,213544.0,172486.0,233467.0
2019-09-01,553289.0,247419.0,155540.0,285629.0,213944.0,207604.0,306919.0,262200.0,338604.0,171905.0,424950.0,209227.0,193717.0,661639.0,205944.0,299997.0,289457.0,404656.0,166162.0,256671.0,367940.0,355626.0,633850.0,406277.0,292491.0,197267.0,145799.0,284611.0,194269.0,260263.0,195853.0,300358.0,157402.0,181553.0,297859.0,259734.0,254278.0,151667.0,107972.0,131579.0,147487.0,314241.0,258100.0,203434.0,239178.0,131121.0,127356.0,153298.0,214072.0,172597.0,234106.0
2019-10-01,555252.0,247864.0,156090.0,286881.0,214392.0,208568.0,307072.0,263625.0,338480.0,172290.0,426053.0,210018.0,194593.0,661238.0,205886.0,300408.0,290319.0,405571.0,166625.0,257634.0,369554.0,356602.0,635396.0,407901.0,293089.0,197891.0,146359.0,287225.0,195100.0,260527.0,196452.0,300787.0,158235.0,182357.0,299897.0,259850.0,255415.0,152240.0,108294.0,132082.0,148128.0,314531.0,257952.0,203980.0,240681.0,131742.0,127726.0,153670.0,214623.0,172590.0,234504.0
2019-11-01,556704.0,248575.0,156501.0,287511.0,214777.0,209576.0,307476.0,265072.0,338638.0,172977.0,427084.0,210506.0,195583.0,659470.0,205890.0,301872.0,291170.0,406523.0,167148.0,258669.0,371058.0,357724.0,635591.0,410465.0,294275.0,198530.0,147071.0,289436.0,195741.0,260613.0,197041.0,302351.0,158940.0,182946.0,301779.0,260115.0,256051.0,152692.0,108253.0,132351.0,148618.0,314887.0,258058.0,204626.0,242416.0,132650.0,128186.0,154004.0,215102.0,172763.0,234634.0
2019-12-01,558752.0,249295.0,157038.0,288025.0,214986.0,210508.0,308174.0,267089.0,339544.0,173568.0,428341.0,211103.0,196575.0,657668.0,206094.0,303301.0,292602.0,407964.0,167686.0,259766.0,373042.0,358905.0,636453.0,413850.0,295456.0,199251.0,147878.0,291709.0,196749.0,260777.0,197635.0,303701.0,159487.0,183456.0,298288.0,260309.0,256800.0,153201.0,108207.0,132640.0,149193.0,315283.0,258639.0,205385.0,243764.0,133449.0,128683.0,154401.0,215795.0,173428.0,234842.0
2020-01-01,561354.0,250333.0,157581.0,288374.0,215585.0,211254.0,309114.0,268979.0,340365.0,174467.0,430509.0,211769.0,197614.0,657274.0,206500.0,304847.0,294610.0,410208.0,168353.0,260798.0,375044.0,361696.0,641442.0,418200.0,297159.0,199952.0,148662.0,294089.0,197574.0,261442.0,198184.0,304753.0,160152.0,184104.0,299260.0,260881.0,257609.0,153928.0,108224.0,132867.0,149742.0,316042.0,259259.0,206480.0,245393.0,134344.0,129122.0,154801.0,216453.0,174283.0,235141.0
2020-02-01,565343.0,251646.0,158214.0,289373.0,216125.0,212218.0,310188.0,270908.0,341584.0,175426.0,432522.0,212945.0,198910.0,658371.0,206941.0,306213.0,296123.0,412161.0,169187.0,261829.0,377043.0,364241.0,645676.0,422332.0,299393.0,200604.0,149453.0,297163.0,198791.0,261396.0,198771.0,305488.0,160981.0,184921.0,297504.0,261208.0,258493.0,154777.0,108402.0,133327.0,150297.0,316695.0,260022.0,207595.0,247053.0,134853.0,129490.0,155056.0,217464.0,175110.0,235681.0
2020-03-01,569942.0,253208.0,158781.0,290325.0,216902.0,213209.0,311161.0,273405.0,342687.0,176804.0,434972.0,213968.0,200388.0,659914.0,207355.0,308640.0,297515.0,414064.0,169970.0,262802.0,379559.0,367106.0,648555.0,426794.0,302147.0,201373.0,150293.0,299976.0,199870.0,261715.0,199533.0,307123.0,161837.0,185766.0,295698.0,261953.0,259283.0,155671.0,108541.0,133818.0,150774.0,317792.0,260243.0,208968.0,249164.0,135496.0,129770.0,155252.0,218303.0,175588.0,235976.0
2020-04-01,573384.0,254657.0,159388.0,291498.0,217577.0,214310.0,312081.0,276951.0,344459.0,178045.0,436355.0,215004.0,201881.0,661896.0,207519.0,310984.0,298678.0,415770.0,170620.0,263799.0,381140.0,369156.0,650773.0,430175.0,304399.0,202141.0,151161.0,302738.0,200935.0,262014.0,200309.0,309254.0,162671.0,186264.0,293028.0,262702.0,259954.0,156524.0,108725.0,134401.0,151330.0,318558.0,261269.0,210372.0,251114.0,135975.0,129882.0,155362.0,219274.0,175989.0,236497.0
2020-05-01,573281.0,255845.0,159977.0,292548.0,218152.0,215333.0,312536.0,279337.0,345384.0,178488.0,437533.0,215703.0,203171.0,664469.0,207425.0,311275.0,300259.0,417233.0,170997.0,264676.0,382276.0,371570.0,646903.0,431204.0,305199.0,202647.0,152062.0,304547.0,201659.0,263805.0,201450.0,311288.0,163406.0,186491.0,293056.0,263303.0,260412.0,157434.0,109088.0,134792.0,151788.0,319305.0,262954.0,211818.0,252434.0,136495.0,130135.0,155608.0,219462.0,176101.0,236636.0
2020-06-01,572197.0,256749.0,160500.0,293740.0,218718.0,216358.0,313065.0,281014.0,346311.0,178277.0,437736.0,216559.0,204419.0,667357.0,207424.0,309722.0,301434.0,418275.0,171633.0,265359.0,382668.0,373631.0,644755.0,431734.0,305460.0,203300.0,152800.0,306762.0,202396.0,265346.0,202488.0,312165.0,164165.0,186881.0,292836.0,264201.0,260712.0,158319.0,109404.0,135275.0,152239.0,320159.0,264866.0,212785.0,253088.0,136967.0,130402.0,155958.0,219788.0,176249.0,236755.0
2020-07-01,574474.0,257534.0,161127.0,295203.0,219523.0,217600.0,314158.0,282937.0,347381.0,178508.0,439736.0,217702.0,205626.0,667879.0,208160.0,309294.0,303009.0,419585.0,172644.0,266224.0,383871.0,376619.0,641076.0,433433.0,306547.0,204427.0,153611.0,308903.0,203439.0,267149.0,203744.0,313048.0,165044.0,187589.0,293206.0,266086.0,261055.0,159291.0,109694.0,135793.0,152751.0,322062.0,266769.0,214121.0,254007.0,137509.0,130897.0,156529.0,220195.0,176619.0,236653.0
2020-08-01,581228.0,259084.0,162052.0,297052.0,220913.0,219068.0,315982.0,286765.0,350507.0,179930.0,444281.0,219237.0,206906.0,667977.0,209454.0,311673.0,304575.0,422188.0,174234.0,267822.0,386572.0,380691.0,644336.0,438815.0,309448.0,206298.0,154642.0,312529.0,205092.0,267819.0,204971.0,315775.0,166075.0,188766.0,293861.0,269200.0,261830.0,160625.0,109899.0,136544.0,153827.0,324682.0,268328.0,215718.0,256286.0,138283.0,131157.0,156927.0,221150.0,177365.0,236558.0
2020-09-01,589865.0,261191.0,163208.0,299302.0,222829.0,220875.0,318635.0,291415.0,355121.0,182163.0,450273.0,221152.0,208350.0,669046.0,211640.0,315997.0,306782.0,425812.0,176002.0,270008.0,391093.0,385585.0,648777.0,445228.0,313486.0,208513.0,156034.0,317108.0,207039.0,267966.0,206556.0,320066.0,167442.0,190169.0,293761.0,273383.0,262626.0,162123.0,110268.0,137321.0,155098.0,327847.0,270725.0,217880.0,259599.0,139181.0,131597.0,157379.0,222215.0,178257.0,236696.0
2020-10-01,598212.0,263729.0,164715.0,301857.0,225078.0,222942.0,321974.0,296173.0,360724.0,184646.0,456907.0,223355.0,210099.0,672198.0,213812.0,319733.0,309905.0,430371.0,177863.0,272817.0,396457.0,391217.0,652769.0,452715.0,318012.0,211016.0,157497.0,323460.0,209092.0,269009.0,208328.0,324962.0,168968.0,192097.0,295042.0,277828.0,263461.0,163866.0,110758.0,138240.0,156627.0,331292.0,273688.0,220193.0,263598.0,140285.0,132290.0,157840.0,223588.0,179229.0,237300.0
2020-11-01,605899.0,266331.0,166594.0,304685.0,227338.0,225194.0,325649.0,301404.0,366154.0,187181.0,463217.0,225897.0,212379.0,676260.0,216059.0,323445.0,313745.0,435325.0,179828.0,275907.0,402516.0,396761.0,658357.0,459593.0,323029.0,213718.0,158977.0,331370.0,211551.0,271454.0,210207.0,329599.0,170892.0,194156.0,295955.0,282433.0,264761.0,165909.0,111738.0,139419.0,158311.0,335220.0,277190.0,223142.0,267597.0,141625.0,133281.0,158753.0,225378.0,180234.0,238485.0
2020-12-01,612858.0,269040.0,168530.0,307598.0,229507.0,227698.0,329261.0,307241.0,371530.0,189696.0,469531.0,228584.0,214864.0,680668.0,217921.0,327461.0,318871.0,440377.0,181856.0,278875.0,407694.0,404007.0,660291.0,465731.0,328400.0,216453.0,160360.0,340253.0,214047.0,274630.0,212089.0,334841.0,172937.0,196054.0,299357.0,286417.0,265977.0,167854.0,112611.0,140591.0,159866.0,339296.0,280572.0,225897.0,271610.0,142935.0,134402.0,159571.0,227185.0,181123.0,239930.0
2021-01-01,619126.0,272195.0,170886.0,310975.0,231771.0,230896.0,332546.0,313965.0,375788.0,192027.0,475211.0,231545.0,218046.0,686407.0,219390.0,331682.0,324982.0,445914.0,184195.0,282182.0,412883.0,410352.0,663528.0,471954.0,333447.0,219218.0,162304.0,352429.0,216810.0,278810.0,214156.0,340004.0,175521.0,198538.0,301020.0,290079.0,268244.0,170113.0,113568.0,142263.0,161538.0,342668.0,283647.0,229240.0,276340.0,144473.0,135773.0,161025.0,230360.0,182194.0,241310.0
2021-02-01,626264.0,275335.0,173224.0,314324.0,234543.0,234354.0,335830.0,319827.0,380228.0,194505.0,481107.0,234772.0,220995.0,693246.0,221442.0,335816.0,331867.0,451973.0,186633.0,285031.0,418216.0,418624.0,665028.0,478706.0,338970.0,221664.0,164255.0,364725.0,219470.0,282349.0,216527.0,344621.0,178052.0,201268.0,301434.0,294435.0,270475.0,172182.0,114441.0,143852.0,163216.0,346781.0,286144.0,232617.0,280467.0,145802.0,137274.0,162781.0,233998.0,183508.0,243103.0
2021-03-01,634161.0,279047.0,175591.0,318126.0,237491.0,238035.0,339046.0,327218.0,384503.0,196993.0,487053.0,238167.0,224040.0,701797.0,223336.0,340157.0,338756.0,458990.0,189379.0,288158.0,424658.0,426366.0,670524.0,486391.0,343708.0,224166.0,166409.0,377550.0,222256.0,286386.0,219059.0,349411.0,180677.0,204322.0,301013.0,298973.0,273041.0,174643.0,115445.0,145806.0,165127.0,351351.0,288913.0,236269.0,285456.0,147303.0,138743.0,164691.0,238310.0,184853.0,244751.0
2021-04-01,644507.0,283059.0,177479.0,322051.0,241133.0,241514.0,342235.0,333408.0,389610.0,199345.0,493473.0,241906.0,226928.0,710069.0,225852.0,345346.0,345499.0,466750.0,192091.0,290390.0,431952.0,436323.0,674762.0,495079.0,349965.0,226844.0,168155.0,389226.0,224823.0,289738.0,221891.0,354073.0,182818.0,206675.0,301782.0,303705.0,275039.0,176975.0,116400.0,147383.0,166897.0,356376.0,292586.0,239333.0,290483.0,148695.0,140014.0,166190.0,241775.0,186017.0,246257.0
2021-05-01,658908.0,288499.0,179477.0,326386.0,245457.0,245655.0,346285.0,343555.0,395502.0,202151.0,500769.0,246202.0,230460.0,721612.0,228166.0,354241.0,353012.0,476685.0,194865.0,293819.0,440289.0,448499.0,681762.0,504588.0,355928.0,230407.0,170178.0,400076.0,227609.0,294364.0,224975.0,360610.0,185233.0,209486.0,303298.0,309013.0,277082.0,179490.0,117205.0,149426.0,168774.0,360594.0,297331.0,242773.0,297437.0,150507.0,141329.0,167564.0,245124.0,187346.0,247723.0
2021-06-01,676248.0,295359.0,181749.0,330729.0,250882.0,250676.0,351188.0,354143.0,402604.0,205563.0,509854.0,251384.0,234734.0,734487.0,231322.0,365667.0,361558.0,488321.0,197586.0,297882.0,449936.0,463842.0,686565.0,517254.0,363471.0,234260.0,172524.0,412684.0,230947.0,298131.0,229003.0,367787.0,187831.0,212256.0,304505.0,315024.0,279582.0,182102.0,118060.0,151377.0,170852.0,364721.0,302502.0,246757.0,304909.0,152566.0,142767.0,169175.0,248690.0,189119.0,249503.0
2021-07-01,694964.0,303317.0,183982.0,334514.0,256525.0,256484.0,356779.0,365970.0,410024.0,209126.0,518821.0,256945.0,239612.0,749934.0,234778.0,377460.0,370443.0,500201.0,200324.0,302811.0,459643.0,479140.0,690155.0,529057.0,370518.0,237715.0,175193.0,424431.0,234284.0,302435.0,233340.0,376298.0,190704.0,214825.0,305351.0,320911.0,282116.0,184696.0,118970.0,153634.0,173045.0,368712.0,307417.0,251334.0,312262.0,154619.0,144418.0,170862.0,252090.0,191212.0,251453.0
2021-08-01,708751.0,311381.0,186125.0,337714.0,262184.0,262606.0,361578.0,375701.0,416797.0,212266.0,526626.0,262572.0,244643.0,764546.0,238174.0,386682.0,380032.0,509908.0,202693.0,306463.0,467655.0,491787.0,690606.0,540071.0,377684.0,240490.0,177803.0,435967.0,237089.0,306849.0,238301.0,383689.0,193438.0,216694.0,306985.0,324952.0,284897.0,186999.0,119881.0,155613.0,174940.0,372499.0,312605.0,255054.0,318299.0,156524.0,146006.0,172355.0,255330.0,193489.0,253285.0
2021-09-01,718633.0,319293.0,188052.0,340342.0,267026.0,268384.0,365584.0,383362.0,421932.0,214563.0,531598.0,267933.0,249570.0,779747.0,240706.0,394525.0,388696.0,517625.0,204713.0,309115.0,473837.0,499962.0,690736.0,548020.0,383281.0,242646.0,180167.0,442886.0,239181.0,312427.0,243185.0,389193.0,195942.0,218288.0,308262.0,327606.0,287533.0,189044.0,120744.0,157657.0,176736.0,375441.0,317701.0,258376.0,322020.0,158332.0,147554.0,173984.0,258271.0,195552.0,255221.0
2021-10-01,723655.0,326689.0,190031.0,342781.0,271289.0,273581.0,368617.0,390571.0,425928.0,216764.0,535861.0,273424.0,254365.0,793963.0,242939.0,401659.0,396197.0,524432.0,206624.0,310962.0,478588.0,507211.0,693001.0,555774.0,388654.0,244628.0,182348.0,446988.0,240930.0,317203.0,248205.0,393669.0,198392.0,219721.0,309441.0,329471.0,290086.0,190754.0,121655.0,159374.0,178440.0,378232.0,322099.0,261397.0,324692.0,160268.0,148792.0,175412.0,260916.0,197528.0,256959.0
2021-11-01,729157.0,334016.0,191538.0,345483.0,274917.0,278271.0,371479.0,396494.0,429282.0,218369.0,539889.0,278932.0,259267.0,807474.0,245196.0,408889.0,402085.0,531639.0,208626.0,313013.0,483263.0,513690.0,693526.0,564528.0,393536.0,246490.0,184428.0,448714.0,242557.0,320973.0,252959.0,397063.0,200860.0,221301.0,308332.0,331414.0,292485.0,192458.0,122544.0,161216.0,180168.0,380861.0,326021.0,264711.0,326855.0,162288.0,150068.0,176921.0,263536.0,199128.0,258665.0
2021-12-01,735974.0,340837.0,193497.0,349186.0,279171.0,283496.0,374311.0,402144.0,432479.0,220463.0,544527.0,285270.0,265130.0,817936.0,247696.0,415462.0,410086.0,539868.0,211250.0,315905.0,487953.0,522840.0,694418.0,573869.0,399246.0,248721.0,187574.0,453834.0,244615.0,325732.0,258088.0,401686.0,203807.0,224317.0,309482.0,333505.0,298013.0,194530.0,124947.0,164016.0,182959.0,383355.0,329190.0,268583.0,331410.0,165036.0,152506.0,178991.0,267922.0,201479.0,260907.0
2022-01-01,746204.0,348406.0,195519.0,353122.0,283823.0,289174.0,377582.0,407751.0,436090.0,222935.0,549913.0,291472.0,271056.0,829207.0,250043.0,424822.0,418633.0,548636.0,213981.0,318753.0,493910.0,531803.0,696688.0,583759.0,405205.0,251247.0,190713.0,460466.0,247255.0,330663.0,263205.0,405437.0,206845.0,227686.0,310568.0,336419.0,303655.0,196826.0,127079.0,166857.0,185708.0,386232.0,332078.0,272729.0,336255.0,167769.0,154934.0,181080.0,272476.0,203637.0,263320.0
2022-02-01,758360.0,356349.0,197505.0,357294.0,289252.0,295340.0,381335.0,415372.0,440081.0,225774.0,556081.0,297662.0,277805.0,842487.0,252404.0,434698.0,428294.0,558210.0,217345.0,321745.0,500527.0,543774.0,703116.0,593897.0,412211.0,254015.0,194371.0,467315.0,250257.0,336309.0,268531.0,410188.0,210029.0,230929.0,314885.0,340415.0,309634.0,199403.0,129659.0,169962.0,188463.0,389341.0,334736.0,277096.0,341268.0,170490.0,157849.0,183155.0,278097.0,206095.0,265901.0
